NOmcap_MAF20_2025_MAF20_2030_T20_NT2040	2020	2021	2022	2023	2024	2025	2026	2027	2028																			
NOmcap	2020	2021	2022	2023	2024	2025	2026	2027	2028	2029	2030	2031	2032	2033	2034	2035	2036	2037	2038	2039	2040	PlantType	Node	Nounits	Variation			
Nuclear	0	0	0	0	0	0	0	0	0	0	0	0	0	0	0	0	0	0	0	0	0	Nuclear	NOm	-	-			
Lignite	0	0	0	0	0	0	0	0	0	0	0	0	0	0	0	0	0	0	0	0	0	KulUdland	NOm	-	-			
Hard_Coal	0	0	0	0	0	0	0	0	0	0	0	0	0	0	0	0	0	0	0	0	0	KulUdland	NOm	-	-			
Gas	0	0	0	0	0	0	0	0	0	0	0	0	0	0	0	0	0	0	0	0	0	GasUdland	NOm	-	-			
Oil	0	0	0	0	0	0	0	0	0	0	0	0	0	0	0	0	0	0	0	0	0	OlieUdland	NOm	-	-			
Hydro-Run	0	0	0	0	0	0	0	0	0	0	0	0	0	0	0	0	0	0	0	0	0	ROR	NOm	-	No_RoR			
Hydro-turbine	0	986.28	1972.56	2958.84	3945.12	4931.4	5031.4	5131.4	5231.4	5331.4	5431.4	4888.26	4345.12	3801.98	3258.84	2715.7	2172.56	1629.42	1086.28	543.14	0	HydroRes	NOm	-	-			
Hydro-pump	4691.399902	3753.119922	2814.839941	1876.559961	938.2799805	0	0	0	0	0	0	538.1	1076.2	1614.3	2152.4	2690.5	3228.6	3766.7	4304.8	4842.9	5381	HydroRes	NOm	-	-			
Wind-on-shore	1343.999982	1396.444986	1448.889989	1501.334993	1553.779996	1606.225	1706.225	1806.225	1906.225	2006.225	2106.225	2074.4025	2042.58	2010.7575	1978.935	1947.1125	1915.29	1883.4675	1851.645	1819.8225	1788	Wind	NOm	-	WL_NOm			
Wind-off-shore	0	0	0	0	0	0	0	0	0	0	0	0	0	0	0	0	0	0	0	0	0	Wind	NOm	-	WL_NOm			
Solar-PV	0	0	0	0	0	0	0	0	0	0	0	0	0	0	0	0	0	0	0	0	0	Solar	NOm	-	PV_NOm			
Solar-thermal	0	0	0	0	0	0	0	0	0	0	0	0	0	0	0	0	0	0	0	0	0	Solar	NOm	-	PV_NOm			
Other_RES	0	0	0	0	0	0	0	0	0	0	0	0	0	0	0	0	0	0	0	0	0	OtherRes_NO	NOm	-	-			
Othernon-RES	20	20	20	20	20	20	20	20	20	20	20	20	20	20	20	20	20	20	20	20	20	OtherNonRes_NO	NOm	-	-			
Biofuels	0	0	0	0	0	0	0	0	0	0	0	0	0	0	0	0	0	0	0	0	0	Biofuels	NOm	-	-			
Peat	0	0	0	0	0	0	0	0	0	0	0	0	0	0	0	0	0	0	0	0	0	Peat	NOm	-	-			
DSR	0	284.8	569.6	854.4	1139.2	1424	1424	1424	1424	1424	1424	1424	1424	1424	1424	1424	1424	1424	1424	1424	1424	DSR	NOm	-	-			
Battery	0	0	0	0	0	0	0	0	0	0	0	0	0	0	0	0	0	0	0	0	0	Battery	NOm	-	-			
ReservesNOm	-150	-150	-150	-150	-150	-150	-150	-150	-150	-150	-150	-150	-150	-150	-150	-150	-150	-150	-150	-150	-150	RS	NOm	-	-			
																												
NOncap_MAF20_2025_MAF20_2030_T20_NT2040																												
NOncap	2020	2021	2022	2023	2024	2025	2026	2027	2028	2029	2030	2031	2032	2033	2034	2035	2036	2037	2038	2039	2040	PlantType	Node	Nounits	Variation			
Nuclear	0	0	0	0	0	0	0	0	0	0	0	0	0	0	0	0	0	0	0	0	0	Nuclear	NOn	-	-			
Lignite	0	0	0	0	0	0	0	0	0	0	0	0	0	0	0	0	0	0	0	0	0	KulUdland	NOn	-	-			
Hard_Coal	0	0	0	0	0	0	0	0	0	0	0	0	0	0	0	0	0	0	0	0	0	KulUdland	NOn	-	-			
Gas	0	0	0	0	0	0	0	0	0	0	0	0	0	0	0	0	0	0	0	0	0	GasUdland	NOn	-	-			
Oil	0	0	0	0	0	0	0	0	0	0	0	0	0	0	0	0	0	0	0	0	0	OlieUdland	NOn	-	-			
Hydro-Run	0	0	0	0	0	0	0	0	0	0	0	0	0	0	0	0	0	0	0	0	0	ROR	NOn	-	No_RoR			
Hydro-turbine	0	1108.08	2216.16	3324.24	4432.32	5540.4	5640.4	5740.4	5840.4	5940.4	6040.4	5436.36	4832.32	4228.28	3624.24	3020.2	2416.16	1812.12	1208.08	604.04	0	HydroRes	NOn	-	-			
Hydro-pump	5540.399902	4432.319922	3324.239941	2216.159961	1108.07998	0	0	0	0	0	0	590	1180	1770	2360	2950	3540	4130	4720	5310	5900	HydroRes	NOn	-	-			
Wind-on-shore	892.0000196	1126.918016	1361.836012	1596.754008	1831.672004	2066.59	2166.59	2266.59	2366.59	2466.59	2566.59	2509.931	2453.272	2396.613	2339.954	2283.295	2226.636	2169.977	2113.318	2056.659	2000	Wind	NOn	-	WL_NOn			
Wind-off-shore	0	0	0	0	0	0	0	0	0	0	0	0	0	0	0	0	0	0	0	0	0	Wind	NOn	-	WL_NOn			
Solar-PV	0	0	0	0	0	0	0	0	0	0	0	0	0	0	0	0	0	0	0	0	0	Solar	NOn	-	PV_NOn			
Solar-thermal	0	0	0	0	0	0	0	0	0	0	0	0	0	0	0	0	0	0	0	0	0	Solar	NOn	-	PV_NOn			
Other_RES	40.00299835	40.00299868	40.00299901	40.00299934	40.00299967	40.003	40.003	40.003	40.003	40.003	40.003	40.0027	40.0024	40.0021	40.0018	40.0015	40.0012	40.0009	40.0006	40.0003	40	OtherRes_NOn	NOn	-	-			
Othernon-RES	195	195	195	195	195	195	195	195	195	195	195	195	195	195	195	195	195	195	195	195	195	OtherNonRes_NO	NOn	-	-			
Biofuels	0	0	0	0	0	0	0	0	0	0	0	0	0	0	0	0	0	0	0	0	0	Biofuels	NOn	-	-			
Peat	0	0	0	0	0	0	0	0	0	0	0	0	0	0	0	0	0	0	0	0	0	Peat	NOn	-	-			
DSR	0	259.2	518.4	777.6	1036.8	1296	1296	1296	1296	1296	1296	1296	1296	1296	1296	1296	1296	1296	1296	1296	1296	DSR	NOn	-	-			
Battery	0	0	0	0	0	0	0	0	0	0	0	0	0	0	0	0	0	0	0	0	0	Battery	NOn	-	-			
ReservesNOn	-150	-150	-150	-150	-150	-150	-150	-150	-150	-150	-150	-150	-150	-150	-150	-150	-150	-150	-150	-150	-150	RS	NOn	-	-			
																												
NOscap_MAF20_2025_MAF20_2030_T20_NT2040																												
NOscap	2020	2021	2022	2023	2024	2025	2026	2027	2028	2029	2030	2031	2032	2033	2034	2035	2036	2037	2038	2039	2040	PlantType	Node	Nounits	Variation			
Nuclear	0	0	0	0	0	0	0	0	0	0	0	0	0	0	0	0	0	0	0	0	0	Nuclear	NOs	-	-			
Lignite	0	0	0	0	0	0	0	0	0	0	0	0	0	0	0	0	0	0	0	0	0	KulUdland	NOs	-	-			
Hard_Coal	0	0	0	0	0	0	0	0	0	0	0	0	0	0	0	0	0	0	0	0	0	KulUdland	NOs	-	-			
Gas	0	0	0	0	0	0	0	0	0	0	0	0	0	0	0	0	0	0	0	0	0	GasUdland	NOs	-	-			
Oil	0	0	0	0	0	0	0	0	0	0	0	0	0	0	0	0	0	0	0	0	0	OlieUdland	NOs	-	-			
Hydro-Run	0	0	0	0	0	0	0	0	0	0	0	0	0	0	0	0	0	0	0	0	0	ROR	NOs	-	No_RoR			
Hydro-turbine	0	4800.08	9600.16	14400.24	19200.32	24000.4	24300.4	24600.4	24900.4	25200.4	25500.4	22950.36	20400.32	17850.28	15300.24	12750.2	10200.16	7650.12	5100.08	2550.04	0	HydroRes	NOs	-	-			
Hydro-pump	23880.40039	19104.32031	14328.24023	9552.160156	4776.080078	0	0	0	0	0	0	2478	4956	7434	9912	12390	14868	17346	19824	22302	24780	HydroRes	NOs	-	-			
Wind-on-shore	1177.499965	1260.291972	1343.083979	1425.875986	1508.667993	1591.46	1891.46	2191.46	2491.46	2791.46	3091.46	3214.714	3337.968	3461.222	3584.476	3707.73	3830.984	3954.238	4077.492	4200.746	4324	Wind	NOs	-	WL_NOs			
Wind-off-shore	0	0	0	0	0	0	0	0	0	0	0	0	0	0	0	0	0	0	0	0	0	Wind	NOs	-	WS_NOs			
Solar-PV	0	0	0	0	0	0	300	600	900	1200	1500	1450	1400	1350	1300	1250	1200	1150	1100	1050	1000	Solar	NOs	-	PV_NOs			
Solar-thermal	0	0	0	0	0	0	0	0	0	0	0	0	0	0	0	0	0	0	0	0	0	Solar	NOs	-	PV_NOs			
Other_RES	36.29999924	36.29999939	36.29999954	36.29999969	36.29999985	36.3	36.3	36.3	36.3	36.3	36.3	36.27	36.24	36.21	36.18	36.15	36.12	36.09	36.06	36.03	36	OtherRes_NO	NOs	-	-			
Othernon-RES	50	50	50	50	50	50	50	50	50	50	50	50	50	50	50	50	50	50	50	50	50	OtherNonRes_NO	NOs	-	-			
Biofuels	0	0	0	0	0	0	0	0	0	0	0	0	0	0	0	0	0	0	0	0	0	Biofuels	NOs	-	-			
Peat	0	0	0	0	0	0	0	0	0	0	0	0	0	0	0	0	0	0	0	0	0	Peat	NOs	-	-			
DSR	0	716.8	1433.6	2150.4	2867.2	3584	2867.2	2150.4	1433.6	716.8	0	358.4	716.8	1075.2	1433.6	1792	2150.4	2508.8	2867.2	3225.6	3584	DSR	NOs	-	-			
Battery	0	0	0	0	0	0	0	0	0	0	0	0	0	0	0	0	0	0	0	0	0	Battery	NOs	-	-			
Reserves_Nos	-600	-600	-600	-600	-600	-600	-600	-600	-600	-600	-600	-600	-600	-600	-600	-600	-600	-600	-600	-600	-600	RS	NOs	-	-			
																												
SE1cap_MAF20_2025_MAF20_2030_T20_NT2040																												
SE1cap	2020	2021	2022	2023	2024	2025	2026	2027	2028	2029	2030	2031	2032	2033	2034	2035	2036	2037	2038	2039	2040	PlantType	Node	Nounits	Variation			
Nuclear	0	0	0	0	0	0	0	0	0	0	0	0	0	0	0	0	0	0	0	0	0	NuclearSweden	SE1	-	-			
Lignite	0	0	0	0	0	0	0	0	0	0	0	0	0	0	0	0	0	0	0	0	0	KulUdland	SE1	-	-			
Hard_Coal	0	0	0	0	0	0	0	0	0	0	0	0	0	0	0	0	0	0	0	0	0	KulUdland	SE1	-	-			
Gas	0	0	0	0	0	0	0	0	0	0	0	0	0	0	0	0	0	0	0	0	0	GasUdland	SE1	-	-			
Oil	0	0	0	0	0	0	0	0	0	0	0	0	0	0	0	0	0	0	0	0	0	OlieUdland	SE1	-	-			
Hydro-Run	0	0	0	0	0	0	0	0	0	0	0	0	0	0	0	0	0	0	0	0	0	ROR	SE1	-	No_RoR			
Hydro-turbine	5315	5340.8	5366.6	5392.4	5418.2	5444	5444	5444	5444	5444	5444	5431.1	5418.2	5405.3	5392.4	5379.5	5366.6	5353.7	5340.8	5327.9	5315	HydroRes	SE1	-	-			
Hydro-pump	0	0	0	0	0	0	0	0	0	0	0	0	0	0	0	0	0	0	0	0	0	HydroPumpOL	SE1	-	-			
Wind-on-shore	1525.372505	1933.775204	2342.177903	2750.580602	3158.983301	3567.386	3694.0264	3820.6668	3947.3072	4073.9476	4200.588	4327.1292	4453.6704	4580.2116	4706.7528	4833.294	4959.8352	5086.3764	5212.9176	5339.4588	5466	Wind	SE1	-	WL_SE1			
Wind-off-shore	0	0	0	0	0	0	0	0	0	0	0	0	0	0	0	0	0	0	0	0	0	Wind	SE1	-	WS_SE1			
Solar-PV	0	0.8436446	1.6872892	2.5309338	3.3745784	4.218223	5.6242964	7.0303698	8.4364432	9.8425166	11.24859	12.123731	12.998872	13.874013	14.749154	15.624295	16.499436	17.374577	18.249718	19.124859	20	Solar	SE1	-	PV_SE1			
Solar-thermal	0	0	0	0	0	0	0	0	0	0	0	0	0	0	0	0	0	0	0	0	0	Solar	SE1	-	PV_SE1			
Other_RES	280.8571472	282.0657178	283.2742883	284.4828589	285.6914294	286.9	286.9	286.9	286.9	286.9	286.9	285.81	284.72	283.63	282.54	281.45	280.36	279.27	278.18	277.09	276	MustRun	SE1	-	OtherRes_SE1			
Othernon-RES	0	0	0	0	0	0	0	0	0	0	0	0	0	0	0	0	0	0	0	0	0	OtherNONRE	SE1	-	ICHP			
Biofuels	0	0	0	0	0	0	0	0	0	0	0	0	0	0	0	0	0	0	0	0	0	Biofuels	SE1	-	-			
Peat	0	0	0	0	0	0	0	0	0	0	0	0	0	0	0	0	0	0	0	0	0	Peat	SE1	-	-			
DSR	0	34.097142	68.194284	102.291426	136.388568	170.48571	179.228568	187.971426	196.714284	205.457142	214.2	192.78	171.36	149.94	128.52	107.1	85.68	64.26	42.84	21.42	0	DSR	SE1	-	-			
Battery	0	0	0	0	0	0	0	0	0	0	0	34	68	102	136	170	204	238	272	306	340	Battery	SE1	-	-			
ReservesSE1	0	-82	-164	-246	-328	-410	-410	-410	-410	-410	-410	-410	-410	-410	-410	-410	-410	-410	-410	-410	-410	RS	SE1	-	-			
																												
SE2cap_MAF20_2025_MAF20_2030_T20_NT2040																												
SE2cap	2020	2021	2022	2023	2024	2025	2026	2027	2028	2029	2030	2031	2032	2033	2034	2035	2036	2037	2038	2039	2040	PlantType	Node	Nounits	Variation			
Nuclear	0	0	0	0	0	0	0	0	0	0	0	0	0	0	0	0	0	0	0	0	0	NuclearSweden	SE2	-	-			
Lignite	0	0	0	0	0	0	0	0	0	0	0	0	0	0	0	0	0	0	0	0	0	KulUdland	SE2	-	-			
Hard_Coal	0	0	0	0	0	0	0	0	0	0	0	0	0	0	0	0	0	0	0	0	0	KulUdland	SE2	-	-			
Gas	53.7480011	53.74800088	53.74800066	53.74800044	53.74800022	53.748	53.748	53.748	53.748	53.748	53.748	53.6732	53.5984	53.5236	53.4488	53.374	53.2992	53.2244	53.1496	53.0748	53	GasUdland	SE2	-	-			
Oil	0	0	0	0	0	0	0	0	0	0	0	0	0	0	0	0	0	0	0	0	0	OlieUdland	SE2	-	-			
Hydro-Run	0	0	0	0	0	0	0	0	0	0	0	0	0	0	0	0	0	0	0	0	0	ROR	SE2	-	No_RoR			
Hydro-turbine	8055	8059.02	8063.04	8067.06	8071.08	8075.1	8075.1	8075.1	8075.1	8075.1	8075.1	8073.09	8071.08	8069.07	8067.06	8065.05	8063.04	8061.03	8059.02	8057.01	8055	HydroRes	SE2	-	-			
Hydro-pump	0	0	0	0	0	0	0	0	0	0	0	0	0	0	0	0	0	0	0	0	0	HydroPumpOL	SE2	-	-			
Wind-on-shore	3979.833126	4317.492301	4655.151476	4992.81065	5330.469825	5668.129	5820.7172	5973.3054	6125.8936	6278.4818	6431.07	6583.563	6736.056	6888.549	7041.042	7193.535	7346.028	7498.521	7651.014	7803.507	7956	Wind	SE2	-	WL_SE2			
Wind-off-shore	0	0	0	0	0	0	0	0	0	0	0	0	0	0	0	0	0	0	0	0	0	Wind	SE2	-	WS_SE2			
Solar-PV	29.99999933	37.82863346	45.6572676	53.48590173	61.31453587	69.14317	92.190896	115.238622	138.286348	161.334074	184.3818	199.94362	215.50544	231.06726	246.62908	262.1909	277.75272	293.31454	308.87636	324.43818	340	Solar	SE2	-	PV_SE2			
Solar-thermal	0	0	0	0	0	0	0	0	0	0	0	0	0	0	0	0	0	0	0	0	0	Solar	SE2	-	PV_SE2			
Other_RES	591.8571167	618.2056934	644.55427	670.9028467	697.2514233	723.6	723.6	723.6	723.6	723.6	723.6	708.74	693.88	679.02	664.16	649.3	634.44	619.58	604.72	589.86	575	MustRun	SE2	-	OtherRes_SE2			
Othernon-RES	0	0	0	0	0	0	0	0	0	0	0	0	0	0	0	0	0	0	0	0	0	OtherNONRE	SE2	-	ICHP			
Biofuels	0	0	0	0	0	0	0	0	0	0	0	0	0	0	0	0	0	0	0	0	0	Biofuels	SE2	-	-			
Peat	0	0	0	0	0	0	0	0	0	0	0	0	0	0	0	0	0	0	0	0	0	Peat	SE2	-	-			
DSR	0	51.48	102.96	154.44	205.92	257.4	270.6	283.8	297	310.2	323.4	291.06	258.72	226.38	194.04	161.7	129.36	97.02	64.68	32.34	0	DSR	SE2	-	-			
Battery	0	0	0	0	0	0	0	0	0	0	0	59.1	118.2	177.3	236.4	295.5	354.6	413.7	472.8	531.9	591	Battery	SE2	-	-			
ReservesSE2	0	-208	-416	-624	-832	-1040	-1040	-1040	-1040	-1040	-1040	-1040	-1040	-1040	-1040	-1040	-1040	-1040	-1040	-1040	-1040	RS	SE2	-	-			
																												
SE3cap_MAF20_2025_MAF20_2030_T20_NT2040																												
SE3cap	2020	2021	2022	2023	2024	2025	2026	2027	2028	2029	2030	2031	2032	2033	2034	2035	2036	2037	2038	2039	2040	PlantType	Node	Nounits	Variation			
Nuclear	6835	6835	6835	6835	6835	6835	6835	6835	6835	6835	6835	6151.5	5468	4784.5	4101	3417.5	2734	2050.5	1367	683.5	0	NuclearSweden	SE3	-	-			
Lignite	0	0	0	0	0	0	0	0	0	0	0	0	0	0	0	0	0	0	0	0	0	KulUdland	SE3	-	-			
Hard_Coal	0	0	0	0	0	0	0	0	0	0	0	0	0	0	0	0	0	0	0	0	0	KulUdland	SE3	-	-			
Gas	324.0410004	324.0410003	324.0410002	324.0410001	324.0410001	324.041	270.641	217.241	163.841	110.441	57.041	83.7369	110.4328	137.1287	163.8246	190.5205	217.2164	243.9123	270.6082	297.3041	324	GasUdland	SE3	-	-			
Oil	0	0	0	0	0	0	0	0	0	0	0	0	0	0	0	0	0	0	0	0	0	OlieUdland	SE3	-	-			
Hydro-Run	0	0	0	0	0	0	0	0	0	0	0	0	0	0	0	0	0	0	0	0	0	ROR	SE3	-	No_RoR			
Hydro-turbine	2911	2845.4	2779.8	2714.2	2648.6	2583	2583	2583	2583	2583	2583	2615.8	2648.6	2681.4	2714.2	2747	2779.8	2812.6	2845.4	2878.2	2911	HydroRes	SE3	-	-			
Hydro-pump	0	0	0	0	0	0	0	0	0	0	0	0	0	0	0	0	0	0	0	0	0	HydroPumpOL	SE3	-	-			
Wind-on-shore	3207.334995	3191.069596	3174.804197	3158.538798	3142.273399	3126.008	3241.687	3357.366	3473.045	3588.724	3704.403	3909.2627	4114.1224	4318.9821	4523.8418	4728.7015	4933.5612	5138.4209	5343.2806	5548.1403	5753	Wind	SE3	-	WL_SE3			
Wind-off-shore	0	66.8057	133.6114	200.4171	267.2228	334.0285	445.4248	556.8211	668.2174	779.6137	891.01	978.909	1066.808	1154.707	1242.606	1330.505	1418.404	1506.303	1594.202	1682.101	1770	Wind	SE3	-	WS_SE3			
Solar-PV	722.8571177	910.4442941	1098.031471	1285.618647	1473.205824	1660.793	1883.2562	2105.7194	2328.1826	2550.6458	2773.109	3006.7981	3240.4872	3474.1763	3707.8654	3941.5545	4175.2436	4408.9327	4642.6218	4876.3109	5110	Solar	SE3	-	PV_SE3			
Solar-thermal	0	0	0	0	0	0	0	0	0	0	0	0	0	0	0	0	0	0	0	0	0	Solar	SE3	-	PV_SE3			
Other_RES	2432.142822	2422.514258	2412.885693	2403.257129	2393.628564	2384	2404	2424	2444	2464	2484	2498.9	2513.8	2528.7	2543.6	2558.5	2573.4	2588.3	2603.2	2618.1	2633	MustRun	SE3	-	OtherRes_SE3			
Othernon-RES	0	0	0	0	0	0	0	0	0	0	0	0	0	0	0	0	0	0	0	0	0	OtherNONRE	SE3	-	ICHP			
Biofuels	0	0	0	0	0	0	0	0	0	0	0	0	0	0	0	0	0	0	0	0	0	Biofuels	SE3	-	-			
Peat	0	0	0	0	0	0	0	0	0	0	0	0	0	0	0	0	0	0	0	0	0	Peat	SE3	-	-			
DSR	0	149.09142	298.18284	447.27426	596.36568	745.4571	783.68568	821.91426	860.14284	898.37142	936.6	842.94	749.28	655.62	561.96	468.3	374.64	280.98	187.32	93.66	0	DSR	SE3	-	-			
Battery	0	0	0	0	0	0	0	0	0	0	0	281.2	562.4	843.6	1124.8	1406	1687.2	1968.4	2249.6	2530.8	2812	Battery	SE3	-	-			
Reserves_SE3	-818	-680.4	-542.8	-405.2	-267.6	-130	-130	-130	-130	-130	-130	-130	-130	-130	-130	-130	-130	-130	-130	-130	-130	RS	SE3	-	-			
																												
SE4cap_MAF20_2025_MAF20_2030_T20_NT2040																												
SE4cap	2020	2021	2022	2023	2024	2025	2026	2027	2028	2029	2030	2031	2032	2033	2034	2035	2036	2037	2038	2039	2040	PlantType	Node	Nounits	Variation			
Nuclear	0	0	0	0	0	0	0	0	0	0	0	0	0	0	0	0	0	0	0	0	0	NuclearSweden	SE4	-	-			
Lignite	0	0	0	0	0	0	0	0	0	0	0	0	0	0	0	0	0	0	0	0	0	KulUdland	SE4	-	-			
Hard_Coal	0	0	0	0	0	0	0	0	0	0	0	0	0	0	0	0	0	0	0	0	0	KulUdland	SE4	-	-			
Gas	0	0	0	0	0	0	0	0	0	0	0	0	0	0	0	0	0	0	0	0	0	GasUdland	SE4	-	-			
Oil	0	0	0	0	0	0	0	0	0	0	0	0	0	0	0	0	0	0	0	0	0	OlieUdland	SE4	-	-			
Hydro-Run	0	0	0	0	0	0	0	0	0	0	0	0	0	0	0	0	0	0	0	0	0	ROR	SE4	-	No_RoR			
Hydro-turbine	349	348.2	347.4	346.6	345.8	345	345	345	345	345	345	345.4	345.8	346.2	346.6	347	347.4	347.8	348.2	348.6	349	HydroRes	SE4	-	-			
Hydro-pump	0	0	0	0	0	0	0	0	0	0	0	0	0	0	0	0	0	0	0	0	0	HydroPumpOL	SE4	-	-			
Wind-on-shore	2476.131678	2408.185542	2340.239407	2272.293271	2204.347136	2136.401	2211.8496	2287.2982	2362.7468	2438.1954	2513.644	2671.3796	2829.1152	2986.8508	3144.5864	3302.322	3460.0576	3617.7932	3775.5288	3933.2644	4091	Wind	SE4	-	WL_SE4			
Wind-off-shore	0	52.42532	104.85064	157.27596	209.70128	262.1266	286.0909	310.0552	334.0195	357.9838	381.9481	419.75329	457.55848	495.36367	533.16886	570.97405	608.77924	646.58443	684.38962	722.19481	760	Wind	SE4	-	WS_SE4			
Solar-PV	270.0000107	340.2504886	410.5009664	480.7514443	551.0019221	621.2524	704.54912	787.84584	871.14256	954.43928	1037.736	1123.9624	1210.1888	1296.4152	1382.6416	1468.868	1555.0944	1641.3208	1727.5472	1813.7736	1900	Solar	SE4	-	PV_SE4			
Solar-thermal	0	0	0	0	0	0	0	0	0	0	0	0	0	0	0	0	0	0	0	0	0	Solar	SE4	-	PV_SE4			
Other_RES	630.4285889	642.5206711	654.6127533	666.7048355	678.7969178	690.889	701.889	712.889	723.889	734.889	745.889	741.4001	736.9112	732.4223	727.9334	723.4445	718.9556	714.4667	709.9778	705.4889	701	MustRun	SE4	-	OtherRes_SE4			
Othernon-RES	0	0	0	0	0	0	0	0	0	0	0	0	0	0	0	0	0	0	0	0	0	OtherNONRE	SE4	-	ICHP			
Biofuels	0	0	0	0	0	0	0	0	0	0	0	0	0	0	0	0	0	0	0	0	0	Biofuels	SE4	-	-			
Peat	0	0	0	0	0	0	0	0	0	0	0	0	0	0	0	0	0	0	0	0	0	Peat	SE4	-	-			
DSR	0	42.12	84.24	126.36	168.48	210.6	221.4	232.2	243	253.8	264.6	238.14	211.68	185.22	158.76	132.3	105.84	79.38	52.92	26.46	0	DSR	SE4	-	-			
Battery	0	0	0	0	0	0	0	0	0	0	0	75.6	151.2	226.8	302.4	378	453.6	529.2	604.8	680.4	756	Battery	SE4	-	-			
ReservesSE4	-545	-446	-347	-248	-149	-50	-50	-50	-50	-50	-50	-50	-50	-50	-50	-50	-50	-50	-50	-50	-50	RS	SE4	-	-			
																												
FIcap_MAF20_2025_MAF20_2030_T20_NT2040																												
FIcap	2020	2021	2022	2023	2024	2025	2026	2027	2028	2029	2030	2031	2032	2033	2034	2035	2036	2037	2038	2039	2040	PlantType	Node	Nounits	Variation			
Nuclear	4384	4386	4388	4390	4392	4394	4394	4394	4394	4394	4394	4323.6	4253.2	4182.8	4112.4	4042	3971.6	3901.2	3830.8	3760.4	3690	NuclearFinland	FI	-	-			
Lignite	0	0	0	0	0	0	0	0	0	0	0	0	0	0	0	0	0	0	0	0	0	KulUdland	FI	-	-			
Hard_Coal	820.5220052	799.8376042	779.1532031	758.4688021	737.784401	717.1	614.9	512.7	410.5	308.3	206.1	259.19	312.28	365.37	418.46	471.55	524.64	577.73	630.82	683.91	737	KulUdland	FI	-	-			
Gas	1193	1184	1175	1166	1157	1148	1101.2	1054.4	1007.6	960.8	914	883.1	852.2	821.3	790.4	759.5	728.6	697.7	666.8	635.9	605	GasUdland	FI	-	-			
Oil	0	0	0	0	0	0	0	0	0	0	0	0	0	0	0	0	0	0	0	0	0	OlieUdland	FI	-	-			
Hydro-Run	0	0	0	0	0	0	0	0	0	0	0	0	0	0	0	0	0	0	0	0	0	ROR	FI	-	No_RoR			
Hydro-turbine	3200	3199.9996	3199.9992	3199.9988	3199.9984	3199.998	3199.998	3199.998	3199.998	3199.998	3199.998	3199.9982	3199.9984	3199.9986	3199.9988	3199.999	3199.9992	3199.9994	3199.9996	3199.9998	3200	HydroRes	FI	-	-			
Hydro-pump	0	0	0	0	0	0	0	0	0	0	0	0	0	0	0	0	0	0	0	0	0	HydroPumpOL	FI	-	-			
Wind-on-shore	3079.999924	3835.760939	4591.521954	5347.282969	6103.043985	6858.805	7866.205	8873.605	9881.005	10888.405	11895.805	12167.1245	12438.444	12709.7635	12981.083	13252.4025	13523.722	13795.0415	14066.361	14337.6805	14609	Wind	FI	-	WL_FI			
Wind-off-shore	41.99999943	41.99999955	41.99999966	41.99999977	41.99999989	42	42	42	42	42	42	42	42	42	42	42	42	42	42	42	42	Wind	FI	-	WS_FI			
Solar-PV	219.9999932	267.9999946	315.9999959	363.9999973	411.9999986	460	544	628	712	796	880	952	1024	1096	1168	1240	1312	1384	1456	1528	1600	Solar	FI	-	PV_FI			
Solar-thermal	0	0	0	0	0	0	0	0	0	0	0	0	0	0	0	0	0	0	0	0	0	Solar	FI	-	PV_FI			
Other_RES	2511	2565.4	2619.8	2674.2	2728.6	2783	2783	2783	2783	2783	2783	2809	2835	2861	2887	2913	2939	2965	2991	3017	3043	MustRun	FI	-	OtherRes_FI			
Othernon-RES	320	931.4	1542.8	2154.2	2765.6	3377	3308.6	3240.2	3171.8	3103.4	3035	2912	2789	2666	2543	2420	2297	2174	2051	1928	1805	MustRun	FI	-	OtherNonRes_FI			
Biofuels	1463.477995	1406.562396	1349.646797	1292.731198	1235.815599	1178.9	1141.1	1103.3	1065.5	1027.7	989.9	890.91	791.92	692.93	593.94	494.95	395.96	296.97	197.98	98.99	0	Biofuels	FI	-	-			
Peat	0	0	0	0	0	0	0	0	0	0	0	0	0	0	0	0	0	0	0	0	0	Peat	FI	-	-			
DSR	0	470	940	1410	1880	2350	2693.8	3037.6	3381.4	3725.2	4069	4517.1	4965.2	5413.3	5861.4	6309.5	6757.6	7205.7	7653.8	8101.9	8550	DSR	FI	-	-			
Battery	0	0	0	0	0	0	0	0	0	0	0	190	380	570	760	950	1140	1330	1520	1710	1900	Battery	FI	-	-			
ReservesFI	-1640	-1652	-1664	-1676	-1688	-1700	-1700	-1700	-1700	-1700	-1700	-1700	-1700	-1700	-1700	-1700	-1700	-1700	-1700	-1700	-1700	RS	FI	-	-			
																												
DELUcap_MAF20_2025_MAF20_2030_T20_NT2040																												
DELUcap	2020	2021	2022	2023	2024	2025	2026	2027	2028	2029	2030	2031	2032	2033	2034	2035	2036	2037	2038	2039	2040	PlantType	Node	Nounits	Variation			
Nuclear	8114	6491.2	4868.4	3245.6	1622.8	0	0	0	0	0	0	0	0	0	0	0	0	0	0	0	0	Kernekraft_DE	DELU	-	-			
Lignite	10871.9	11585.62	12299.34	13013.06	13726.78	14440.5	13339.24	12237.98	11136.72	10035.46	8934.2	8040.78	7147.36	6253.94	5360.52	4467.1	3573.68	2680.26	1786.84	893.42	0	KulUdland	DELU	-	-			
Hard_Coal	17193.80002	15983.00002	14772.20001	13561.40001	12350.6	11139.8	10520	9900.2	9280.4	8660.6	8040.8	7236.72	6432.64	5628.56	4824.48	4020.4	3216.32	2412.24	1608.16	804.08	0	KulUdland	DELU	-	-			
Gas	21757.75495	21637.95496	21518.15497	21398.35498	21278.55499	21158.755	21113.935	21069.115	21024.295	20979.475	20934.655	20958.7895	20982.924	21007.0585	21031.193	21055.3275	21079.462	21103.5965	21127.731	21151.8655	21176	GasUdland	DELU	-	-			
Oil	1163.590001	1142.750001	1121.910001	1101.07	1080.23	1059.39	1015.51	971.63	927.75	883.87	839.99	778.291	716.592	654.893	593.194	531.495	469.796	408.097	346.398	284.699	223	OlieUdland	DELU	-	-			
Hydro-Run	4076.142857	4083.100045	4090.057234	4097.014423	4103.971611	4110.9288	4111.3288	4111.7288	4112.1288	4112.5288	4112.9288	4109.83592	4106.74304	4103.65016	4100.55728	4097.4644	4094.37152	4091.27864	4088.18576	4085.09288	4082	ROR	DELU	-	HY_DELU			
Hydro-turbine	1297	1296.948	1296.896	1296.844	1296.792	1296.74	1296.74	1296.74	1296.74	1296.74	1296.74	1296.766	1296.792	1296.818	1296.844	1296.87	1296.896	1296.922	1296.948	1296.974	1297	HydroRes	DELU	-	HYlimit_DELU			
Hydro-pump	8185	8166.8	8148.6	8130.4	8112.2	8094	8280.4	8466.8	8653.2	8839.6	9026	9258.1	9490.2	9722.3	9954.4	10186.5	10418.6	10650.7	10882.8	11114.9	11347	HydroPumpCL	DELU	-	-			
Wind-on-shore	61031.54927	63005.43942	64979.32956	66953.21971	68927.10985	70901	73105.99728	75310.99456	77515.99185	79720.98913	81925.98641	82848.38777	83770.78913	84693.19049	85615.59185	86537.9932	87460.39456	88382.79592	89305.19728	90227.59864	91150	Wind	DELU	-	WL_DELU			
Wind-off-shore	8191.999942	8769.859954	9347.719965	9925.579977	10503.43999	11081.3	13083.7	15086.1	17088.5	19090.9	21093.3	22539.07	23984.84	25430.61	26876.38	28322.15	29767.92	31213.69	32659.46	34105.23	35551	Wind	DELU	-	WS_DELU			
Solar-PV	55400.07183	59044.04262	62688.01341	66331.9842	69975.95499	73619.92578	77277.51542	80935.10506	84592.6947	88250.28433	91907.87397	92599.48657	93291.09918	93982.71178	94674.32438	95365.93698	96057.54959	96749.16219	97440.77479	98132.3874	98824	Solar	DELU	-	PV_DELU			
Solar-thermal	0	0	0	0	0	0	0	0	0	0	0	0	0	0	0	0	0	0	0	0	0	Solar	DELU	-	PV_DELU			
Other_RES	8497.039787	8393.89183	8290.743872	8187.595915	8084.447957	7981.3	7722.757143	7464.214286	7205.671429	6947.128571	6688.585714	6548.527143	6408.468571	6268.41	6128.351429	5988.292857	5848.234286	5708.175714	5568.117143	5428.058571	5288	OtherRes_DELU	DELU	-	-			
Othernon-RES	7428.672012	8537.85761	9647.043207	10756.2288	11865.4144	12974.6	13561.61489	14148.62977	14735.64466	15322.65954	15909.67443	16378.60699	16847.53954	17316.4721	17785.40466	18254.33722	18723.26977	19192.20233	19661.13489	20130.06744	20599	MustRun	DELU	-	OtherNonRes_DELU			
Biofuels	0	0	0	0	0	0	0	0	0	0	0	0	0	0	0	0	0	0	0	0	0	Biofuels	DELU	-	-			
Peat	0	0	0	0	0	0	0	0	0	0	0	0	0	0	0	0	0	0	0	0	0	Peat	DELU	-	-			
DSR	0	273.2	546.4	819.6	1092.8	1366	1457.8	1549.6	1641.4	1733.2	1825	1824.9	1824.8	1824.7	1824.6	1824.5	1824.4	1824.3	1824.2	1824.1	1824	DSR	DELU	-	-			
Battery	0	100	200	300	400	500	1198	1896	2594	3292	3990	4430.4	4870.8	5311.2	5751.6	6192	6632.4	7072.8	7513.2	7953.6	8394	Battery	DELU	-	-			
ReservesDELU	-4950	-4950	-4950	-4950	-4950	-4950	-5035.8	-5121.6	-5207.4	-5293.2	-5379	-5379	-5379	-5379	-5379	-5379	-5379	-5379	-5379	-5379	-5379	RS	DELU	-	-			
																												
ATcap_MAF20_2025_MAF20_2030_T20_NT2040																												
ATcap	2020	2021	2022	2023	2024	2025	2026	2027	2028	2029	2030	2031	2032	2033	2034	2035	2036	2037	2038	2039	2040	PlantType	Node	Nounits	Variation			
Nuclear	0	0	0	0	0	0	0	0	0	0	0	0	0	0	0	0	0	0	0	0	0	Nuclear	AT	-	-			
Lignite	0	0	0	0	0	0	0	0	0	0	0	0	0	0	0	0	0	0	0	0	0	KulUdland	AT	-	-			
Hard_Coal	246	196.8	147.6	98.4	49.2	0	0	0	0	0	0	0	0	0	0	0	0	0	0	0	0	KulUdland	AT	-	-			
Gas	4327.699996	4145.299997	3962.899998	3780.499998	3598.099999	3415.7	3415.7	3415.7	3415.7	3415.7	3415.7	3236.43	3057.16	2877.89	2698.62	2519.35	2340.08	2160.81	1981.54	1802.27	1623	GasUdland	AT	-	-			
Oil	168.4060059	168.4060047	168.4060035	168.4060023	168.4060012	168.406	168.406	168.406	168.406	168.406	168.406	151.5654	134.7248	117.8842	101.0436	84.203	67.3624	50.5218	33.6812	16.8406	0	OlieUdland	AT	-	-			
Hydro-Run	5961.813477	5995.457711	6029.101946	6062.746181	6096.390415	6130.03465	6158.13465	6186.23465	6214.33465	6242.43465	6270.53465	6272.681185	6274.82772	6276.974255	6279.12079	6281.267325	6283.41386	6285.560395	6287.70693	6289.853465	6292	ROR	AT	-	HY_AT			
Hydro-turbine	2429.553955	2429.643164	2429.732373	2429.821582	2429.910791	2430	2429.96	2429.92	2429.88	2429.84	2429.8	2430.12	2430.44	2430.76	2431.08	2431.4	2431.72	2432.04	2432.36	2432.68	2433	HydroRes	AT	-	-			
Hydro-pump	3459.280029	3604.824023	3750.368018	3895.912012	4041.456006	4187	4479.2	4771.4	5063.6	5355.8	5648	5746.9	5845.8	5944.7	6043.6	6142.5	6241.4	6340.3	6439.2	6538.1	6637	HydroPumpCL	AT	-	-			
Wind-on-shore	3700.000077	4060.000062	4420.000047	4780.000032	5140.000017	5500.000002	6199.800002	6899.600001	7599.400001	8299.2	8999	9399.1	9799.2	10199.3	10599.4	10999.5	11399.6	11799.7	12199.8	12599.9	13000	Wind	AT	-	WL_AT			
Wind-off-shore	0	0	0	0	0	0	0	0	0	0	0	0	0	0	0	0	0	0	0	0	0	Wind	AT	-	WS_AT			
Solar-PV	2501.185715	3000.948572	3500.711429	4000.474286	4500.237143	5000	6400	7800	9200	10600	12000	13000	14000	15000	16000	17000	18000	19000	20000	21000	22000	Solar	AT	-	PV_AT			
Solar-thermal	0	0	0	0	0	0	0	0	0	0	0	0	0	0	0	0	0	0	0	0	0	Solar	AT	-	PV_AT			
Other_RES	611.3079224	609.2293379	607.1507534	605.0721689	602.9935845	600.915	600.915	600.915	600.915	600.915	600.915	600.7235	600.532	600.3405	600.149	599.9575	599.766	599.5745	599.383	599.1915	599	OtherRes_AT	AT	-	-			
Othernon-RES	955.4400024	955.000002	954.5600015	954.120001	953.6800005	953.24	953.24	953.24	953.24	953.24	953.24	953.216	953.192	953.168	953.144	953.12	953.096	953.072	953.048	953.024	953	OtherNonRes_AT	AT	-	-			
Biofuels	0	0	0	0	0	0	0	0	0	0	0	0	0	0	0	0	0	0	0	0	0	Biofuels	AT	-	-			
Peat	0	0	0	0	0	0	0	0	0	0	0	0	0	0	0	0	0	0	0	0	0	Peat	AT	-	-			
DSR	0	0	0	0	0	0	0	0	0	0	0	0	0	0	0	0	0	0	0	0	0	DSR	AT	-	-			
Battery	0	0	0	0	0	0	493.8068848	987.6137696	1481.420654	1975.227539	2469.034424	2469.030982	2469.027539	2469.024097	2469.020654	2469.017212	2469.01377	2469.010327	2469.006885	2469.003442	2469	Battery	AT	-	-			
ReservesAT	-544	-544.0634772	-544.1269545	-544.1904317	-544.253909	-544.3173862	-544.3173862	-544.3173862	-544.3173862	-544.3173862	-544.3173862	-544.3173862	-544.3173862	-544.3173862	-544.3173862	-544.3173862	-544.3173862	-544.3173862	-544.3173862	-544.3173862	-544.3173862	RS	AT	-	-			
																												
NLcap_MAF20_2025_MAF20_2030_T20_NT2040																												
NLcap	2020	2021	2022	2023	2024	2025	2026	2027	2028	2029	2030	2031	2032	2033	2034	2035	2036	2037	2038	2039	2040	PlantType	Node	Nounits	Variation			
Nuclear	486	486	486	486	486	486	486	486	486	486	486	437.4	388.8	340.2	291.6	243	194.4	145.8	97.2	48.6	0	Borssele	NL	-	-			
Lignite	0	0	0	0	0	0	0	0	0	0	0	0	0	0	0	0	0	0	0	0	0	KulUdland	NL	-	-			
Hard_Coal	2794.990021	2770.190017	2745.390012	2720.590008	2695.790004	2670.99	2136.792	1602.594	1068.396	534.198	0	338.1	676.2	1014.3	1352.4	1690.5	2028.6	2366.7	2704.8	3042.9	3381	KulUdland	NL	-	-			
Gas	12437.8	12532.9	12628	12723.1	12818.2	12913.3	12557.3	12201.3	11845.3	11489.3	11133.3	10949.27	10765.24	10581.21	10397.18	10213.15	10029.12	9845.09	9661.06	9477.03	9293	GasUdland	NL	-	-			
Oil	0	0	0	0	0	0	0	0	0	0	0	0	0	0	0	0	0	0	0	0	0	OlieUdland	NL	-	-			
Hydro-Run	40.1428566	40.71428528	41.28571396	41.85714264	42.42857132	43	43	43	43	43	43	43.3	43.6	43.9	44.2	44.5	44.8	45.1	45.4	45.7	46	ROR	NL	-	HY_NL			
Hydro-turbine	0	0	0	0	0	0	0	0	0	0	0	0	0	0	0	0	0	0	0	0	0	HydroRes	NL	-	-			
Hydro-pump	0	0	0	0	0	0	0	0	0	0	0	0	0	0	0	0	0	0	0	0	0	HydroPumpCL	NL	-	-			
Wind-on-shore	4500	4741.8	4983.6	5225.4	5467.2	5709	6127.2	6545.4	6963.6	7381.8	7800	7958.2	8116.4	8274.6	8432.8	8591	8749.2	8907.4	9065.6	9223.8	9382	Wind	NL	-	WL_NL			
Wind-off-shore	2400.000095	2951.400076	3502.800057	4054.200038	4605.600019	5157	6377	7597	8817	10037	11257	11746.4	12235.8	12725.2	13214.6	13704	14193.4	14682.8	15172.2	15661.6	16151	Wind	NL	-	WS_NL			
Solar-PV	6900.000095	7700.000076	8500.000057	9300.000038	10100.00002	10900	13720	16540	19360	22180	25000	25000	25000	25000	25000	25000	25000	25000	25000	25000	25000	Solar	NL	-	PV_NL			
Solar-thermal	0	0	0	0	0	0	0	0	0	0	0	0	0	0	0	0	0	0	0	0	0	Solar	NL	-	PV_NL			
Other_RES	535	536	537	538	539	540	540	540	540	540	540	540	540	540	540	540	540	540	540	540	540	OtherRes_NL	NL	-	-			
Othernon-RES	4540	4502.87	4465.74	4428.61	4391.48	4354.35	4238.234	4122.118	4006.002	3889.886	3773.77	3773.393	3773.016	3772.639	3772.262	3771.885	3771.508	3771.131	3770.754	3770.377	3770	OtherNonRes_NL	NL	-	-			
Biofuels	1206.009979	1231.809983	1257.609988	1283.409992	1309.209996	1335.01	1744.208	2153.406	2562.604	2971.802	3381	3042.9	2704.8	2366.7	2028.6	1690.5	1352.4	1014.3	676.2	338.1	0	Biofuels	NL	-	-			
Peat	0	0	0	0	0	0	0	0	0	0	0	0	0	0	0	0	0	0	0	0	0	Peat	NL	-	-			
DSR	0	140	280	420	560	700	700	700	700	700	700	700	700	700	700	700	700	700	700	700	700	DSR	NL	-	-			
Battery	0	0	0	0	0	0	0	0	0	0	0	347.5	695	1042.5	1390	1737.5	2085	2432.5	2780	3127.5	3475	Battery	NL	-	-			
ReservesNL	-800	-940	-1080	-1220	-1360	-1500	-1500	-1500	-1500	-1500	-1500	-1500	-1500	-1500	-1500	-1500	-1500	-1500	-1500	-1500	-1500	RS	NL	-	-			
																												
GBcap_MAF20_2025_MAF20_2030_T20_NT2040																												
GBcap	2020	2021	2022	2023	2024	2025	2026	2027	2028	2029	2030	2031	2032	2033	2034	2035	2036	2037	2038	2039	2040	PlantType	Node	Nounits	Variation			
Nuclear	9229	8813	8397	7981	7565	7149	7575.4	8001.8	8428.2	8854.6	9281	9781.9	10282.8	10783.7	11284.6	11785.5	12286.4	12787.3	13288.2	13789.1	14290	NuclearGB	GB	-	-			
Lignite	0	0	0	0	0	0	0	0	0	0	0	0	0	0	0	0	0	0	0	0	0	KulUdland	GB	-	-			
Hard_Coal	0	0	0	0	0	0	0	0	0	0	0	398.4	796.8	1195.2	1593.6	1992	2390.4	2788.8	3187.2	3585.6	3984	KulUdland	GB	-	-			
Gas	31749.10004	31520.50003	31291.90002	31063.30001	30834.70001	30606.1	31859.3	33112.5	34365.7	35618.9	36872.1	36901.99	36931.88	36961.77	36991.66	37021.55	37051.44	37081.33	37111.22	37141.11	37171	GasUdland	GB	-	-			
Oil	422	411.8	401.6	391.4	381.2	371	371	371	371	371	371	371	371	371	371	371	371	371	371	371	371	OlieUdland	GB	-	-			
Hydro-Run	1910.229004	1915.801203	1921.373402	1926.945602	1932.517801	1938.09	1943.46	1948.83	1954.2	1959.57	1964.94	1965.346	1965.752	1966.158	1966.564	1966.97	1967.376	1967.782	1968.188	1968.594	1969	ROR	GB	-	HY_GB			
Hydro-turbine	0	0	0	0	0	0	0	0	0	0	0	0	0	0	0	0	0	0	0	0	0	HydroRes	GB	-	-			
Hydro-pump	2744	2744	2744	2744	2744	2744	2744	2744	2744	2744	2744	2870	2996	3122	3248	3374	3500	3626	3752	3878	4004	HydroPumpCL	GB	-	-			
Wind-on-shore	12823.08492	13000.20434	13177.32375	13354.44317	13531.56258	13708.682	14065.68848	14422.69497	14779.70145	15136.70793	15493.71442	15543.24298	15592.77153	15642.30009	15691.82865	15741.35721	15790.88577	15840.41433	15889.94288	15939.47144	15989	Wind	GB	-	WL_GB			
Wind-off-shore	10750.30011	12130.92009	13511.54007	14892.16004	16272.78002	17653.4	19087.92	20522.44	21956.96	23391.48	24826	25842.9	26859.8	27876.7	28893.6	29910.5	30927.4	31944.3	32961.2	33978.1	34995	Wind	GB	-	WS_GB			
Solar-PV	13907.81501	14072.69641	14237.57781	14402.4592	14567.3406	14732.222	15072.3836	15412.5452	15752.7068	16092.8684	16433.03	17378.727	18324.424	19270.121	20215.818	21161.515	22107.212	23052.909	23998.606	24944.303	25890	Solar	GB	-	PV_GB			
Solar-thermal	0	0	0	0	0	0	0	0	0	0	0	0	0	0	0	0	0	0	0	0	0	Solar	GB	-	PV_GB			
Other_RES	4433.12207	4473.897856	4514.673642	4555.449428	4596.225214	4637.001	4649.683	4662.365	4675.047	4687.729	4700.411	4700.3699	4700.3288	4700.2877	4700.2466	4700.2055	4700.1644	4700.1233	4700.0822	4700.0411	4700	OtherRes_GB	GB	-	-			
Othernon-RES	0	1461.4388	2922.8776	4384.3164	5845.7552	7307.194	7332.286	7357.378	7382.47	7407.562	7432.654	7432.5886	7432.5232	7432.4578	7432.3924	7432.327	7432.2616	7432.1962	7432.1308	7432.0654	7432	OtherNonRes_GB	GB	-	-			
Biofuels	7737	6983.4	6229.8	5476.2	4722.6	3969	3972	3975	3978	3981	3984	3585.6	3187.2	2788.8	2390.4	1992	1593.6	1195.2	796.8	398.4	0	Biofuels	GB	-	-			
Peat	0	0	0	0	0	0	0	0	0	0	0	0	0	0	0	0	0	0	0	0	0	Peat	GB	-	-			
DSR	0	280.4	560.8	841.2	1121.6	1402	1541.4	1680.8	1820.2	1959.6	2099	2071.4	2043.8	2016.2	1988.6	1961	1933.4	1905.8	1878.2	1850.6	1823	DSR	GB	-	-			
Battery	0	82	164	246	328	410	410	410	410	410	410	795	1180	1565	1950	2335	2720	3105	3490	3875	4260	Battery	GB	-	-			
ReservesGB	-959	-1449	-1939	-2429	-2919	-3409	-3409	-3409	-3409	-3409	-3409	-3409	-3409	-3409	-3409	-3409	-3409	-3409	-3409	-3409	-3409	RS	GB	-	-			
																												
FRcap_MAF20_2025_MAF20_2030_T20_NT2040																												
FRcap	2020	2021	2022	2023	2024	2025	2026	2027	2028	2029	2030	2031	2032	2033	2034	2035	2036	2037	2038	2039	2040	PlantType	Node	Nounits	Variation			
Nuclear	60144	60467.4	60790.8	61114.2	61437.6	61761	61051.4	60341.8	59632.2	58922.6	58213	56704.6	55196.2	53687.8	52179.4	50671	49162.6	47654.2	46145.8	44637.4	43129	NuclearFR	FR	-	-			
Lignite	0	0	0	0	0	0	0	0	0	0	0	0	0	0	0	0	0	0	0	0	0	KulUdland	FR	-	-			
Hard_Coal	2840	2272	1704	1136	568	0	0	0	0	0	0	0	0	0	0	0	0	0	0	0	0	KulUdland	FR	-	-			
Gas	6775	6857.8	6940.6	7023.4	7106.2	7189	7189	7189	7189	7189	7189	7164.5	7140	7115.5	7091	7066.5	7042	7017.5	6993	6968.5	6944	GasUdland	FR	-	-			
Oil	1331	1331	1331	1331	1331	1331	1259	1187	1115	1043	971	873.9	776.8	679.7	582.6	485.5	388.4	291.3	194.2	97.1	0	OlieUdland	FR	-	-			
Hydro-Run	13600	13600	13600	13600	13600	13600	13600	13600	13600	13600	13600	13600	13600	13600	13600	13600	13600	13600	13600	13600	13600	ROR	FR	-	HY_FR			
Hydro-turbine	8112.5	8130.014634	8147.529268	8165.043902	8182.558537	8200.073171	8200.131707	8200.190244	8200.24878	8200.307317	8200.365854	8200.329268	8200.292683	8200.256098	8200.219512	8200.182927	8200.146341	8200.109756	8200.073171	8200.036585	8200	HydroRes	FR	-	HYlimit_FR			
Hydro-pump	3500	3615.4	3730.8	3846.2	3961.6	4077	4138.6	4200.2	4261.8	4323.4	4385	4296.5	4208	4119.5	4031	3942.5	3854	3765.5	3677	3588.5	3500	HydroPumpCL	FR	-	-			
Wind-on-shore	19070.50025	20440.4002	21810.30015	23180.2001	24550.10005	25920	27740	29560	31380	33200	35020	37477.9	39935.8	42393.7	44851.6	47309.5	49767.4	52225.3	54683.2	57141.1	59599	Wind	FR	-	WL_FR			
Wind-off-shore	0	600	1200	1800	2400	3000	3500	4000	4500	5000	5500	5786.3	6072.6	6358.9	6645.2	6931.5	7217.8	7504.1	7790.4	8076.7	8363	Wind	FR	-	WS_FR			
Solar-PV	14057.00005	15865.60004	17674.20003	19482.80002	21291.40001	23100	26100	29100	32100	35100	38100	40082	42064	44046	46028	48010	49992	51974	53956	55938	57920	Solar	FR	-	PV_FR			
Solar-thermal	0	0	0	0	0	0	0	0	0	0	0	0	0	0	0	0	0	0	0	0	0	Solar	FR	-	PV_FR			
Other_RES	2249	2240.2	2231.4	2222.6	2213.8	2205	2205	2205	2205	2205	2205	2239.4	2273.8	2308.2	2342.6	2377	2411.4	2445.8	2480.2	2514.6	2549	OtherRes_FR	FR	-	-			
Othernon-RES	2008.599976	3759.67998	5510.759985	7261.83999	9012.919995	10764	10751.2	10738.4	10725.6	10712.8	10700	10283.3	9866.6	9449.9	9033.2	8616.5	8199.8	7783.1	7366.4	6949.7	6533	MustRun	FR	-	OtherNonRes_FR			
Biofuels	0	0	0	0	0	0	0	0	0	0	0	0	0	0	0	0	0	0	0	0	0	Biofuels	FR	-	-			
Peat	0	0	0	0	0	0	0	0	0	0	0	0	0	0	0	0	0	0	0	0	0	Peat	FR	-	-			
DSR	0	980	1960	2940	3920	4900	5300	5700	6100	6500	6900	6550	6200	5850	5500	5150	4800	4450	4100	3750	3400	DSR	FR	-	-			
Battery	0	0	0	0	0	0	0	0	0	0	0	590	1180	1770	2360	2950	3540	4130	4720	5310	5900	Battery	FR	-	-			
ReservesFR	0	-436	-872	-1308	-1744	-2180	-2180	-2180	-2180	-2180	-2180	-2180	-2180	-2180	-2180	-2180	-2180	-2180	-2180	-2180	-2180	RS	FR	-	-			
																												
BEcap_MAF20_2025_MAF20_2030_T20_NT2040																												
BEcap	2020	2021	2022	2023	2024	2025	2026	2027	2028	2029	2030	2031	2032	2033	2034	2035	2036	2037	2038	2039	2040	PlantType	Node	Nounits	Variation			
Nuclear	5919	4735.2	3551.4	2367.6	1183.8	0	0	0	0	0	0	0	0	0	0	0	0	0	0	0	0	NuclearBE	BE	-	-			
Lignite	0	0	0	0	0	0	0	0	0	0	0	0	0	0	0	0	0	0	0	0	0	KulUdland	BE	-	-			
Hard_Coal	0	0	0	0	0	0	0	0	0	0	0	54	108	162	216	270	324	378	432	486	540	KulUdland	BE	-	-			
Gas	5325.300013	5823.50001	6321.700008	6819.900005	7318.100003	7816.3	7936.3	8056.3	8176.3	8296.3	8416.3	8443.17	8470.04	8496.91	8523.78	8550.65	8577.52	8604.39	8631.26	8658.13	8685	GasUdland	BE	-	-			
Oil	140	143.66	147.32	150.98	154.64	158.3	158.3	158.3	158.3	158.3	158.3	158.27	158.24	158.21	158.18	158.15	158.12	158.09	158.06	158.03	158	OlieUdland	BE	-	-			
Hydro-Run	123	125.2524	127.5048	129.7572	132.0096	134.262	137.052	139.842	142.632	145.422	148.212	148.1908	148.1696	148.1484	148.1272	148.106	148.0848	148.0636	148.0424	148.0212	148	ROR	BE	-	HY_BE			
Hydro-turbine	0	0	0	0	0	0	0	0	0	0	0	0	0	0	0	0	0	0	0	0	0	HydroRes	BE	-	-			
Hydro-pump	1308	1325.4	1342.8	1360.2	1377.6	1395	1395	1395	1395	1395	1395	1395	1395	1395	1395	1395	1395	1395	1395	1395	1395	HydroPumpCL	BE	-	-			
Wind-on-shore	2775.000006	2908.302985	3041.605963	3174.908942	3308.21192	3441.514899	3640.600595	3839.686291	4038.771988	4237.857684	4436.94338	4534.149042	4631.354704	4728.560366	4825.766028	4922.97169	5020.177352	5117.383014	5214.588676	5311.794338	5409	Wind	BE	-	WL_BE			
Wind-off-shore	2270.999908	2267.399927	2263.799945	2260.199963	2256.599982	2253	2653	3053	3453	3853	4253	4434.9	4616.8	4798.7	4980.6	5162.5	5344.4	5526.3	5708.2	5890.1	6072	Wind	BE	-	WS_BE			
Solar-PV	5069.832921	5494.46875	5919.104578	6343.740407	6768.376235	7193.012064	7833.91431	8474.816555	9115.718801	9756.621046	10397.52329	10787.27096	11177.01863	11566.7663	11956.51398	12346.26165	12736.00932	13125.75699	13515.50466	13905.25233	14295	Solar	BE	-	PV_BE			
Solar-thermal	0	0	0	0	0	0	0	0	0	0	0	0	0	0	0	0	0	0	0	0	0	Solar	BE	-	PV_BE			
Other_RES	524.0689697	510.1158076	496.1626455	482.2094835	468.2563214	454.3031593	438.0941964	421.8852336	405.6762708	389.4673079	373.2583451	356.5325106	339.8066761	323.0808416	306.3550071	289.6291725	272.903338	256.1775035	239.451669	222.7258345	206	MustRun	BE	-	-			
Othernon-RES	1244	1260	1276	1292	1308	1324	1324	1324	1324	1324	1324	1324	1324	1324	1324	1324	1324	1324	1324	1324	1324	OtherNonRes_BE	BE	-	-			
Biofuels	615.7859993	600.7859994	585.7859996	570.7859997	555.7859999	540.786	540.786	540.786	540.786	540.786	540.786	486.7074	432.6288	378.5502	324.4716	270.393	216.3144	162.2358	108.1572	54.0786	0	Biofuels	BE	-	-			
Peat	0	0	0	0	0	0	0	0	0	0	0	0	0	0	0	0	0	0	0	0	0	Peat	BE	-	-			
DSR	0	196.4	392.8	589.2	785.6	982	1145.6	1309.2	1472.8	1636.4	1800	1800	1800	1800	1800	1800	1800	1800	1800	1800	1800	DSR	BE	-	-			
Battery	0	82	164	246	328	410	476	542	608	674	740	850.1	960.2	1070.3	1180.4	1290.5	1400.6	1510.7	1620.8	1730.9	1841	Battery	BE	-	-			
ReservesBL	-500	-505.8392	-511.6784	-517.5176	-523.3568	-529.196	-509.3205946	-489.4451892	-469.5697838	-449.6943784	-429.818973	-429.818973	-429.818973	-429.818973	-429.818973	-429.818973	-429.818973	-429.818973	-429.818973	-429.818973	-429.818973	RS	BE	-	-			
																												
ESPTcap_MAF20_2025_MAF20_2030_T20_NT2040																												
ESPTcap	2020	2021	2022	2023	2024	2025	2026	2027	2028	2029	2030	2031	2032	2033	2034	2035	2036	2037	2038	2039	2040	PlantType	Node	Nounits	Variation			
Nuclear	7126.950073	7125.032059	7123.114044	7121.196029	7119.278015	7117.36	6302.032	5486.704	4671.376	3856.048	3040.72	2736.648	2432.576	2128.504	1824.432	1520.36	1216.288	912.216	608.144	304.072	0	NuclearES	ESPT	-	-			
Lignite	0	0	0	0	0	0	0	0	0	0	0	0	0	0	0	0	0	0	0	0	0	KulUdland	ESPT	-	-			
Hard_Coal	6073.789978	5262.047982	4450.305987	3638.563991	2826.821996	2015.08	1612.064	1209.048	806.032	403.016	0	0	0	0	0	0	0	0	0	0	0	KulUdland	ESPT	-	-			
Gas	28327.56	28327.56	28327.56	28327.56	28327.56	28327.56	28129.56	27931.56	27733.56	27535.56	27337.56	27337.504	27337.448	27337.392	27337.336	27337.28	27337.224	27337.168	27337.112	27337.056	27337	GasUdland	ESPT	-	-			
Oil	0	0	0	0	0	0	0	0	0	0	0	0	0	0	0	0	0	0	0	0	0	OlieUdland	ESPT	-	-			
Hydro-Run	4378.333252	4372.204802	4366.076351	4359.947901	4353.81945	4347.691	4347.691	4347.691	4347.691	4347.691	4347.691	4376.6219	4405.5528	4434.4837	4463.4146	4492.3455	4521.2764	4550.2073	4579.1382	4608.0691	4637	ROR	ESPT	-	HY_ESPT			
Hydro-turbine	14575.5	14564.4838	14553.4676	14542.4514	14531.4352	14520.419	14520.419	14520.419	14520.419	14520.419	14520.419	14541.8771	14563.3352	14584.7933	14606.2514	14627.7095	14649.1676	14670.6257	14692.0838	14713.5419	14735	HydroRes	ESPT	-	HYlimit_ESPT			
Hydro-pump	9852	10436.4	11020.8	11605.2	12189.6	12774	13050	13326	13602	13878	14154	14129.3	14104.6	14079.9	14055.2	14030.5	14005.8	13981.1	13956.4	13931.7	13907	HydroPumpCL	ESPT	-	-			
Wind-on-shore	35116.19957	37316.11965	39516.03974	41715.95983	43915.87991	46115.8	48342.94	50570.08	52797.22	55024.36	57251.5	58169.85	59088.2	60006.55	60924.9	61843.25	62761.6	63679.95	64598.3	65516.65	66435	Wind	ESPT	-	WL_ESPT			
Wind-off-shore	26.00000054	46.00000043	66.00000032	86.00000021	106.0000001	126	192.8	259.6	326.4	393.2	460	466.8	473.6	480.4	487.2	494	500.8	507.6	514.4	521.2	528	Wind	ESPT	-	WS_ESPT			
Solar-PV	13382.79985	16148.48927	18914.17869	21679.86811	24445.55753	27211.24695	31218.52577	35225.80458	39233.0834	43240.36222	47247.64103	49720.97693	52194.31283	54667.64872	57140.98462	59614.32052	62087.65641	64560.99231	67034.32821	69507.6641	71981	Solar	ESPT	-	PV_ESPT			
Solar-thermal	2800.138883	3226.118541	3652.098198	4078.077855	4504.057513	4930.03717	5464.029736	5998.022302	6532.014868	7066.007434	7600	7634.2	7668.4	7702.6	7736.8	7771	7805.2	7839.4	7873.6	7907.8	7942	Solar	ESPT	-	CSP_ESPT			
Other_RES	2402	2345.94	2289.88	2233.82	2177.76	2121.7	2264.3	2406.9	2549.5	2692.1	2834.7	2894.93	2955.16	3015.39	3075.62	3135.85	3196.08	3256.31	3316.54	3376.77	3437	MustRun	ESPT	-	OtherRes_ESPT			
Othernon-RES	5730	5704.2	5678.4	5652.6	5626.8	5601	5432	5263	5094	4925	4756	4732.5	4709	4685.5	4662	4638.5	4615	4591.5	4568	4544.5	4521	MustRun	ESPT	-	OtherNonRes_ESPT			
Biofuels	0	0	0	0	0	0	0	0	0	0	0	0	0	0	0	0	0	0	0	0	0	Biofuels	ESPT	-	-			
Peat	0	0	0	0	0	0	0	0	0	0	0	0	0	0	0	0	0	0	0	0	0	Peat	ESPT	-	-			
DSR	0	320	640	960	1280	1600	1600	1600	1600	1600	1600	1600	1600	1600	1600	1600	1600	1600	1600	1600	1600	DSR	ESPT	-	-			
Battery	0	100	200	300	400	500	900	1300	1700	2100	2500	2928.1	3356.2	3784.3	4212.4	4640.5	5068.6	5496.7	5924.8	6352.9	6781	Battery	ESPT	-	-			
Reserves_ESPT	-1559	-1679	-1799	-1919	-2039	-2159	-2186.4	-2213.8	-2241.2	-2268.6	-2296	-2296	-2296	-2296	-2296	-2296	-2296	-2296	-2296	-2296	-2296	RS	ESPT	-	-			
																												
CHcap_MAF20_2025_MAF20_2030_T20_NT2040																												
CHcap	2020	2021	2022	2023	2024	2025	2026	2027	2028	2029	2030	2031	2032	2033	2034	2035	2036	2037	2038	2039	2040	PlantType	Node	Nounits	Variation			
Nuclear	2200	2346	2492	2638	2784	2930	2857	2784	2711	2638	2565	2308.5	2052	1795.5	1539	1282.5	1026	769.5	513	256.5	0	NuclearCH	CH	-	-			
Lignite	0	0	0	0	0	0	0	0	0	0	0	0	0	0	0	0	0	0	0	0	0	KulUdland	CH	-	-			
Hard_Coal	0	0	0	0	0	0	0	0	0	0	0	0	0	0	0	0	0	0	0	0	0	KulUdland	CH	-	-			
Gas	0	0	0	0	0	0	0	0	0	0	0	0	0	0	0	0	0	0	0	0	0	GasUdland	CH	-	-			
Oil	0	0	0	0	0	0	0	0	0	0	0	0	0	0	0	0	0	0	0	0	0	OlieUdland	CH	-	-			
Hydro-Run	4113	4113	4113	4113	4113	4113	4113	4113	4113	4113	4113	4113	4113	4113	4113	4113	4113	4113	4113	4113	4113	ROR	CH	-	HY_CH			
Hydro-turbine	8152	8152	8152	8152	8152	8152	8152	8152	8152	8152	8152	8152	8152	8152	8152	8152	8152	8152	8152	8152	8152	HydroRes	CH	-	-			
Hydro-pump	3989	3989	3989	3989	3989	3989	3989	3989	3989	3989	3989	3989	3989	3989	3989	3989	3989	3989	3989	3989	3989	HydroPumpCL	CH	-	-			
Wind-on-shore	135.0000054	144.0000043	153.0000032	162.0000021	171.0000011	180	195	210	225	240	255	279.5	304	328.5	353	377.5	402	426.5	451	475.5	500	Wind	CH	-	WL_CH			
Wind-off-shore	0	0	0	0	0	0	0	0	0	0	0	0	0	0	0	0	0	0	0	0	0	Wind	CH	-	WS_CH			
Solar-PV	2799.999952	3039.999962	3279.999971	3519.999981	3759.99999	4000	4300	4600	4900	5200	5500	5800	6100	6400	6700	7000	7300	7600	7900	8200	8500	Solar	CH	-	PV_CH			
Solar-thermal	0	0	0	0	0	0	0	0	0	0	0	0	0	0	0	0	0	0	0	0	0	Solar	CH	-	PV_CH			
Other_RES	675	721.4	767.8	814.2	860.6	907	965	1023	1081	1139	1197	1197	1197	1197	1197	1197	1197	1197	1197	1197	1197	OtherRes_CH	CH	-	-			
Othernon-RES	781.437439	791.0732813	800.7091237	810.344966	819.9808084	829.6166507	841.6614554	853.7062602	865.7510649	877.7958696	889.8406743	889.7566068	889.6725394	889.588472	889.5044046	889.4203371	889.3362697	889.2522023	889.1681349	889.0840674	889	OtherNonRes_CH	CH	-	-			
Biofuels	0	0	0	0	0	0	0	0	0	0	0	0	0	0	0	0	0	0	0	0	0	Biofuels	CH	-	-			
Peat	0	0	0	0	0	0	0	0	0	0	0	0	0	0	0	0	0	0	0	0	0	Peat	CH	-	-			
DSR	0	0	0	0	0	0	0	0	0	0	0	0	0	0	0	0	0	0	0	0	0	DSR	CH	-	-			
Battery	0	0	0	0	0	0	0	0	0	0	0	179.7	359.4	539.1	718.8	898.5	1078.2	1257.9	1437.6	1617.3	1797	Battery	CH	-	-			
ReservesCH	-869	-869	-869	-869	-869	-869	-869	-869	-869	-869	-869	-869	-869	-869	-869	-869	-869	-869	-869	-869	-869	RS	CH	-	-			
																												
ITcap_MAF20_2025_MAF20_2030_T20_NT2040																												
ITcap	2020	2021	2022	2023	2024	2025	2026	2027	2028	2029	2030	2031	2032	2033	2034	2035	2036	2037	2038	2039	2040	PlantType	Node	Nounits	Variation			
Nuclear	0	0	0	0	0	0	0	0	0	0	0	0	0	0	0	0	0	0	0	0	0	Nuclear	IT	-	-			
Lignite	0	0	0	0	0	0	0	0	0	0	0	0	0	0	0	0	0	0	0	0	0	KulUdland	IT	-	-			
Hard_Coal	6406	5124.8	3843.6	2562.4	1281.2	0	0	0	0	0	0	0	0	0	0	0	0	0	0	0	0	KulUdland	IT	-	-			
Gas	35267.46803	36659.50642	38051.54482	39443.58321	40835.62161	42227.66	42227.66	42227.66	42227.66	42227.66	42227.66	42411.194	42594.728	42778.262	42961.796	43145.33	43328.864	43512.398	43695.932	43879.466	44063	GasUdland	IT	-	-			
Oil	946	930	914	898	882	866	866	866	866	866	866	779.4	692.8	606.2	519.6	433	346.4	259.8	173.2	86.6	0	OlieUdland	IT	-	-			
Hydro-Run	5660.356735	5714.115533	5767.874331	5821.633128	5875.391926	5929.150724	5941.150704	5953.150684	5965.150664	5977.150644	5989.150624	5953.735561	5918.320499	5882.905436	5847.490374	5812.075312	5776.660249	5741.245187	5705.830125	5670.415062	5635	ROR	IT	-	HY_IT			
Hydro-turbine	9980.143158	9942.702857	9905.262556	9867.822254	9830.381953	9792.941652	9792.941652	9792.941652	9792.941652	9792.941652	9792.941652	9770.247487	9747.553322	9724.859157	9702.164991	9679.470826	9656.776661	9634.082496	9611.38833	9588.694165	9566	HydroRes	IT	-	HYlimit_IT			
Hydro-pump	7572	8154.8	8737.6	9320.4	9903.2	10486	10776	11066	11356	11646	11936	11932.3	11928.6	11924.9	11921.2	11917.5	11913.8	11910.1	11906.4	11902.7	11899	HydroPumpCL	IT	-	-			
Wind-on-shore	10923.90342	11870.29751	12816.69159	13763.08568	14709.47976	15655.87385	16204.70112	16753.52839	17302.35566	17851.18293	18400.0102	18774.00918	19148.00816	19522.00714	19896.00612	20270.0051	20644.00408	21018.00306	21392.00204	21766.00102	22140	Wind	IT	-	WL_IT			
Wind-off-shore	0	60	120	180	240	300	420	540	660	780	900	900	900	900	900	900	900	900	900	900	900	Wind	IT	-	WS_IT			
Solar-PV	23283.00178	24286.40007	25289.79837	26293.19666	27296.59495	28299.99324	32864.10484	37428.21643	41992.32803	46556.43962	51120.55121	52025.39609	52930.24097	53835.08585	54739.93073	55644.77561	56549.62049	57454.46536	58359.31024	59264.15512	60169	Solar	IT	-	PV_IT			
Solar-thermal	29.99999933	73.99999946	117.9999996	161.9999997	205.9999999	250	376	502	628	754	880	880	880	880	880	880	880	880	880	880	880	Solar	IT	-	PV_IT			
Other_RES	4496.579468	4495.774431	4494.969395	4494.164359	4493.359322	4492.554286	4536.905835	4581.257384	4625.608934	4669.960483	4714.312033	4735.980829	4757.649626	4779.318423	4800.98722	4822.656016	4844.324813	4865.99361	4887.662407	4909.331203	4931	OtherRes_IT	IT	-	-			
Othernon-RES	6199.790009	6811.432007	7423.074005	8034.716003	8646.358002	9258	9258	9258	9258	9258	9258	8930.6	8603.2	8275.8	7948.4	7621	7293.6	6966.2	6638.8	6311.4	5984	MustRun	IT	-	OtherNonRes_IT			
Biofuels	0	0	0	0	0	0	0	0	0	0	0	0	0	0	0	0	0	0	0	0	0	Biofuels	IT	-	-			
Peat	0	0	0	0	0	0	0	0	0	0	0	0	0	0	0	0	0	0	0	0	0	Peat	IT	-	-			
DSR	0	463.2	926.4	1389.6	1852.8	2316	2316	2316	2316	2316	2316	2314.8	2313.6	2312.4	2311.2	2310	2308.8	2307.6	2306.4	2305.2	2304	DSR	IT	-	-			
Battery	0	7	14	21	28	35	335	635	935	1235	1535	1687.7	1840.4	1993.1	2145.8	2298.5	2451.2	2603.9	2756.6	2909.3	3062	Battery	IT	-	-			
ReservesIT	-4000	-4100	-4200	-4300	-4400	-4500	-4500	-4500	-4500	-4500	-4500	-4500	-4500	-4500	-4500	-4500	-4500	-4500	-4500	-4500	-4500	RS	IT	-	-			
																												
EELVLTcap_MAF20_2025_MAF20_2030_T20_NT2040																												
EELVLTcap	2020	2021	2022	2023	2024	2025	2026	2027	2028	2029	2030	2031	2032	2033	2034	2035	2036	2037	2038	2039	2040	PlantType	Node	Nounits	Variation			
Nuclear	0	0	0	0	0	0	0	0	0	0	0	0	0	0	0	0	0	0	0	0	0	Nuclear	EELVLT	-	-			
Lignite	0	0	0	0	0	0	0	0	0	0	0	0	0	0	0	0	0	0	0	0	0	KulUdland	EELVLT	-	-			
Hard_Coal	0	0	0	0	0	0	0	0	0	0	0	0	0	0	0	0	0	0	0	0	0	KulUdland	EELVLT	-	-			
Gas	1043	1114.6	1186.2	1257.8	1329.4	1401	1401	1401	1401	1401	1401	1314	1227	1140	1053	966	879	792	705	618	531	GasUdland	EELVLT	-	-			
Oil	1098.799997	994.3999979	889.9999984	785.5999989	681.1999995	576.8	576.8	576.8	576.8	576.8	576.8	600.12	623.44	646.76	670.08	693.4	716.72	740.04	763.36	786.68	810	OlieUdland	EELVLT	-	-			
Hydro-Run	1728.045288	1722.19623	1716.347173	1710.498115	1704.649058	1698.8	1698.8	1698.8	1698.8	1698.8	1698.8	1702.52	1706.24	1709.96	1713.68	1717.4	1721.12	1724.84	1728.56	1732.28	1736	ROR	EELVLT	-	HY_EELVLT			
Hydro-turbine	0	0	0	0	0	0	0	0	0	0	0	0	0	0	0	0	0	0	0	0	0	HydroRes	EELVLT	-	-			
Hydro-pump	900	880	860	840	820	800	840	880	920	960	1000	1012.5	1025	1037.5	1050	1062.5	1075	1087.5	1100	1112.5	1125	HydroPumpCL	EELVLT	-	-			
Wind-on-shore	1022.426955	1245.991222	1469.555488	1693.119754	1916.68402	2140.248286	2204.998629	2269.748972	2334.499315	2399.249657	2464	2644.2	2824.4	3004.6	3184.8	3365	3545.2	3725.4	3905.6	4085.8	4266	Wind	EELVLT	-	WL_EELVLT			
Wind-off-shore	0	10.14851485	20.2970297	30.44554455	40.59405941	50.74257426	246.3366337	441.9306931	637.5247525	833.1188119	1028.712871	1116.541584	1204.370297	1292.19901	1380.027723	1467.856436	1555.685149	1643.513861	1731.342574	1819.171287	1907	Wind	EELVLT	-	WS_EELVLT			
Solar-PV	240.9999967	370.9999973	500.999998	630.9999987	760.9999993	891	976.8	1062.6	1148.4	1234.2	1320	1495.9	1671.8	1847.7	2023.6	2199.5	2375.4	2551.3	2727.2	2903.1	3079	Solar	EELVLT	-	PV_EELVLT			
Solar-thermal	0	1.6	3.2	4.8	6.4	8	12.4	16.8	21.2	25.6	30	32	34	36	38	40	42	44	46	48	50	Solar	EELVLT	-	CSP_EELVLT			
Other_RES	338.8289939	373.653314	408.4776341	443.3019542	478.1262743	512.9505944	520.7216191	528.4926438	536.2636685	544.0346932	551.8057179	530.4251462	509.0445744	487.6640026	466.2834308	444.902859	423.5222872	402.1417154	380.7611436	359.3805718	338	MustRun	EELVLT	-	OtherRes_EELVLT			
Othernon-RES	290	288	286	284	282	280	280	280	280	280	280	281.4	282.8	284.2	285.6	287	288.4	289.8	291.2	292.6	294	OtherNonRes_EELVLT	EELVLT	-	-			
Biofuels	233.2000027	233.2000021	233.2000016	233.2000011	233.2000005	233.2	233.2	233.2	233.2	233.2	233.2	209.88	186.56	163.24	139.92	116.6	93.28	69.96	46.64	23.32	0	Biofuels	EELVLT	-	-			
Peat	0	0	0	0	0	0	0	0	0	0	0	0	0	0	0	0	0	0	0	0	0	Peat	EELVLT	-	-			
DSR	0	52	104	156	208	260	281	302	323	344	365	349.6	334.2	318.8	303.4	288	272.6	257.2	241.8	226.4	211	DSR	EELVLT	-	-			
Battery	0	0	0	0	0	0	0	0	0	0	0	91.7	183.4	275.1	366.8	458.5	550.2	641.9	733.6	825.3	917	Battery	EELVLT	-	-			
ReservesEELVLT	-1205	-1159	-1113	-1067	-1021	-975	-975	-975	-975	-975	-975	-975	-975	-975	-975	-975	-975	-975	-975	-975	-975	RS	EELVLT	-	-			
																												
PLcap_MAF20_2025_MAF20_2030_T20_NT2040																												
PLcap	2020	2021	2022	2023	2024	2025	2026	2027	2028	2029	2030	2031	2032	2033	2034	2035	2036	2037	2038	2039	2040	PlantType	Node	Nounits	Variation			
Nuclear	0	0	0	0	0	0	0	0	0	0	0	560	1120	1680	2240	2800	3360	3920	4480	5040	5600	Nuclear	PL	-	-			
Lignite	7613.359985	7577.287988	7541.215991	7505.143994	7469.071997	7433	7433	7433	7433	7433	7433	6802.3	6171.6	5540.9	4910.2	4279.5	3648.8	3018.1	2387.4	1756.7	1126	KulUdland	PL	-	-			
Hard_Coal	12329.36985	12889.02546	13448.68108	14008.3367	14567.99232	15127.64794	14414.00731	13700.36668	12986.72604	12273.08541	11559.44478	11074.5003	10589.55583	10104.61135	9619.666869	9134.722391	8649.777913	8164.833434	7679.888956	7194.944478	6710	KulUdland	PL	-	-			
Gas	2016.367004	2413.293604	2810.220203	3207.146802	3604.073401	4001	4201	4401	4601	4801	5001	5501	6001	6501	7001	7501	8001	8501	9001	9501	10001	GasUdland	PL	-	-			
Oil	0	0	0	0	0	0	0	0	0	0	0	0	0	0	0	0	0	0	0	0	0	OlieUdland	PL	-	-			
Hydro-Run	536.5	530.501006	524.502012	518.503018	512.504024	506.50503	506.50503	506.50503	506.50503	506.50503	506.50503	509.454527	512.404024	515.353521	518.303018	521.252515	524.202012	527.151509	530.101006	533.050503	536	ROR	PL	-	HY_PL			
Hydro-turbine	183.8000031	183.7628824	183.7257618	183.6886412	183.6515206	183.6144	183.6144	183.6144	183.6144	183.6144	183.6144	183.55296	183.49152	183.43008	183.36864	183.3072	183.24576	183.18432	183.12288	183.06144	183	HydroRes	PL	-	-			
Hydro-pump	1501.799973	1501.839978	1501.879984	1501.919989	1501.959995	1502	1502	1502	1502	1502	1502	1501.9	1501.8	1501.7	1501.6	1501.5	1501.4	1501.3	1501.2	1501.1	1501	HydroPumpCL	PL	-	-			
Wind-on-shore	6517.221004	6917.176803	7317.132602	7717.088402	8117.044201	8517	8797.4	9077.8	9358.2	9638.6	9919	9697.1	9475.2	9253.3	9031.4	8809.5	8587.6	8365.7	8143.8	7921.9	7700	Wind	PL	-	WL_PL			
Wind-off-shore	0	0	0	0	0	0	720	1440	2160	2880	3600	4272	4944	5616	6288	6960	7632	8304	8976	9648	10320	Wind	PL	-	WS_PL			
Solar-PV	1185.197651	1935.158121	2685.118591	3435.079061	4185.03953	4935	5402	5869	6336	6803	7270	8558.6	9847.2	11135.8	12424.4	13713	15001.6	16290.2	17578.8	18867.4	20156	Solar	PL	-	PV_PL			
Solar-thermal	0	0	0	0	0	0	0	0	0	0	0	0	0	0	0	0	0	0	0	0	0	Solar	PL	-	PV_PL			
Other_RES	871	1009.5486	1148.0972	1286.6458	1425.1944	1563.743	1686.143	1808.543	1930.943	2053.343	2175.743	2191.3687	2206.9944	2222.6201	2238.2458	2253.8715	2269.4972	2285.1229	2300.7486	2316.3743	2332	MustRun	PL	-	OtherRes_PL			
Othernon-RES	6782	6704.874177	6627.748354	6550.62253	6473.496707	6396.370884	6400.271877	6404.17287	6408.073863	6411.974856	6415.875849	6550.188264	6684.500679	6818.813094	6953.125509	7087.437924	7221.75034	7356.062755	7490.37517	7624.687585	7759	MustRun	PL	-	OtherNonRes_PL			
Biofuels	2179.11073	1784.888584	1390.666438	996.444292	602.222146	208	287.089	366.178	445.267	524.356	603.445	543.1005	482.756	422.4115	362.067	301.7225	241.378	181.0335	120.689	60.3445	0	Biofuels	PL	-	-			
Peat	0	0	0	0	0	0	0	0	0	0	0	0	0	0	0	0	0	0	0	0	0	Peat	PL	-	-			
DSR	0	0	0	0	0	0	0	0	0	0	0	0	0	0	0	0	0	0	0	0	0	DSR	PL	-	-			
Battery	0	22.2	44.4	66.6	88.8	111	88.8	66.6	44.4	22.2	0	200	400	600	800	1000	1200	1400	1600	1800	2000	Battery	PL	-	-			
ReservesPL	-1000	-1000	-1000	-1000	-1000	-1000	-1000	-1000	-1000	-1000	-1000	-1000	-1000	-1000	-1000	-1000	-1000	-1000	-1000	-1000	-1000	RS	PL	-	-			
																												
CZSKcap_MAF20_2025_MAF20_2030_T20_NT2040																												
CZSKcap	2020	2021	2022	2023	2024	2025	2026	2027	2028	2029	2030	2031	2032	2033	2034	2035	2036	2037	2038	2039	2040	PlantType	Node	Nounits	Variation			
Nuclear	6807.420044	6796.784035	6786.148026	6775.512018	6764.876009	6754.24	6754.24	6754.24	6754.24	6754.24	6754.24	6759.416	6764.592	6769.768	6774.944	6780.12	6785.296	6790.472	6795.648	6800.824	6806	NuclearCZSK	CZSK	-	-			
Lignite	5201.66146	5232.619361	5263.577263	5294.535165	5325.493066	5356.450968	5337.897168	5319.343368	5300.789568	5282.235768	5263.681968	4951.713771	4639.745574	4327.777378	4015.809181	3703.840984	3391.872787	3079.90459	2767.936394	2455.968197	2144	KulUdland	CZSK	-	-			
Hard_Coal	762.8014741	792.253363	821.705252	851.1571409	880.6090299	910.0609188	870.7830488	831.5051788	792.2273088	752.9494388	713.6715688	707.9044119	702.137255	696.3700982	690.6029413	684.8357844	679.0686275	673.3014706	667.5343138	661.7671569	656	KulUdland	CZSK	-	-			
Gas	2035.119987	2021.484213	2007.848438	1994.212664	1980.576889	1966.941115	1966.941115	1966.941115	1966.941115	1966.941115	1966.941115	1973.347003	1979.752892	1986.15878	1992.564669	1998.970557	2005.376446	2011.782334	2018.188223	2024.594111	2031	GasUdland	CZSK	-	-			
Oil	13.89999962	39.08599969	64.27199977	89.45799985	114.6439999	139.83	139.83	139.83	139.83	139.83	139.83	125.847	111.864	97.881	83.898	69.915	55.932	41.949	27.966	13.983	0	OlieUdland	CZSK	-	-			
Hydro-Run	1901.167603	1912.496964	1923.826325	1935.155686	1946.485048	1957.814409	1966.757309	1975.700209	1984.643109	1993.586009	2002.528909	1996.476018	1990.423127	1984.370236	1978.317345	1972.264455	1966.211564	1960.158673	1954.105782	1948.052891	1942	ROR	CZSK	-	HY_CZSK			
Hydro-turbine	700	700.034	700.068	700.102	700.136	700.17	700.17	700.17	700.17	700.17	700.17	700.153	700.136	700.119	700.102	700.085	700.068	700.051	700.034	700.017	700	HydroRes	CZSK	-	HYlimit_CZSK			
Hydro-pump	2084.059967	2083.647974	2083.23598	2082.823987	2082.411993	2082	2082	2082	2082	2082	2082	2082	2082	2082	2082	2082	2082	2082	2082	2082	2082	HydroPumpCL	CZSK	-	-			
Wind-on-shore	369.8385954	469.1158258	568.3930562	667.6702866	766.9475171	866.2247475	984.029697	1101.834646	1219.639596	1337.444545	1455.249495	1459.724545	1464.199596	1468.674646	1473.149697	1477.624747	1482.099798	1486.574848	1491.049899	1495.524949	1500	Wind	CZSK	-	WL_CZSK			
Wind-off-shore	0	0	0	0	0	0	0	0	0	0	0	0	0	0	0	0	0	0	0	0	0	Wind	CZSK	-	WS_CZSK			
Solar-PV	2853.226721	2975.219801	3097.212881	3219.205961	3341.199041	3463.192121	3795.255455	4127.318788	4459.382121	4791.445455	5123.508788	5214.557909	5305.60703	5396.656152	5487.705273	5578.754394	5669.803515	5760.852636	5851.901758	5942.950879	6034	Solar	CZSK	-	PV_CZSK			
Solar-thermal	0	0	0	0	0	0	0	0	0	0	0	0	0	0	0	0	0	0	0	0	0	Solar	CZSK	-	PV_CZSK			
Other_RES	1152.349915	1156.409199	1160.468484	1164.527768	1168.587053	1172.646338	1173.100883	1173.555428	1174.009974	1174.464519	1174.919065	1195.627158	1216.335252	1237.043345	1257.751439	1278.459532	1299.167626	1319.875719	1340.583813	1361.291906	1382	MustRun	CZSK	-	OtherRes_CZSK			
Othernon-RES	1843.84333	1850.062983	1856.282635	1862.502287	1868.721939	1874.941591	1832.918522	1790.895453	1748.872384	1706.849315	1664.826246	1638.143622	1611.460997	1584.778372	1558.095748	1531.413123	1504.730498	1478.047874	1451.365249	1424.682625	1398	MustRun	CZSK	-	OtherNonRes_CZSK			
Biofuels	631.4470737	536.8808587	442.3146436	347.7484286	253.1822135	158.6159984	157.0538684	155.4917384	153.9296084	152.3674784	150.8053484	135.7248136	120.6442788	105.5637439	90.48320907	75.40267422	60.32213938	45.24160453	30.16106969	15.08053484	0	Biofuels	CZSK	-	-			
Peat	0	0	0	0	0	0	0	0	0	0	0	0	0	0	0	0	0	0	0	0	0	Peat	CZSK	-	-			
DSR	0	0	0	0	0	0	0	0	0	0	0	0	0	0	0	0	0	0	0	0	0	DSR	CZSK	-	-			
Battery	0	54	108	162	216	270	306.6666687	343.3333374	380.0000061	416.6666748	453.3333435	594.1000092	734.8666748	875.6333405	1016.400006	1157.166672	1297.933337	1438.700003	1579.466669	1720.233334	1861	Battery	CZSK	-	-			
ReservesCZSK	-1857	-1839.1	-1821.2	-1803.3	-1785.4	-1767.5	-1782.5	-1797.5	-1812.5	-1827.5	-1842.5	-1842.5	-1842.5	-1842.5	-1842.5	-1842.5	-1842.5	-1842.5	-1842.5	-1842.5	-1842.5	RS	CZSK	-	-			
																												
HUcap_MAF20_2025_MAF20_2030_T20_NT2040																												
HUcap	2020	2021	2022	2023	2024	2025	2026	2027	2028	2029	2030	2031	2032	2033	2034	2035	2036	2037	2038	2039	2040	PlantType	Node	Nounits	Variation			
Nuclear	1888	1890.4	1892.8	1895.2	1897.6	1900	2372	2844	3316	3788	4260	4070	3880	3690	3500	3310	3120	2930	2740	2550	2360	NuclearHU	HU	-	-			
Lignite	852	817.4	782.8	748.2	713.6	679	543.2	407.4	271.6	135.8	0	0	0	0	0	0	0	0	0	0	0	KulUdland	HU	-	-			
Hard_Coal	30.5	33.7	36.9	40.1	43.3	46.5	37.2	27.9	18.6	9.3	0	0	0	0	0	0	0	0	0	0	0	KulUdland	HU	-	-			
Gas	2260.400002	2241.400001	2222.400001	2203.400001	2184.4	2165.4	2156.12	2146.84	2137.56	2128.28	2119	1949.8	1780.6	1611.4	1442.2	1273	1103.8	934.6	765.4	596.2	427	GasUdland	HU	-	-			
Oil	410	328	246	164	82	0	0	0	0	0	0	0	0	0	0	0	0	0	0	0	0	OlieUdland	HU	-	-			
Hydro-Run	56	55.8	55.6	55.4	55.2	55	55	55	55	55	55	55.2	55.4	55.6	55.8	56	56.2	56.4	56.6	56.8	57	ROR	HU	-	HY_HU			
Hydro-turbine	0	0	0	0	0	0	0	0	0	0	0	0	0	0	0	0	0	0	0	0	0	HydroRes	HU	-	-			
Hydro-pump	0	0	0	0	0	0	0	0	0	0	0	0	0	0	0	0	0	0	0	0	0	HydroPumpCL	HU	-	-			
Wind-on-shore	325.00001	325.160008	325.320006	325.480004	325.640002	325.8	325.8	325.8	325.8	325.8	325.8	293.22	260.64	228.06	195.48	162.9	130.32	97.74	65.16	32.58	0	Wind	HU	-	WL_HU			
Wind-off-shore	0	0	0	0	0	0	0	0	0	0	0	0	0	0	0	0	0	0	0	0	0	Wind	HU	-	WS_HU			
Solar-PV	3600.000054	3635.389883	3670.779712	3706.169541	3741.559371	3776.9492	4312.3692	4847.7892	5383.2092	5918.6292	6454.0492	6508.64428	6563.23936	6617.83444	6672.42952	6727.0246	6781.61968	6836.21476	6890.80984	6945.40492	7000	Solar	HU	-	PV_HU			
Solar-thermal	0	0	0	0	0	0	0	0	0	0	0	0	0	0	0	0	0	0	0	0	0	Solar	HU	-	PV_HU			
Other_RES	258	291.26	324.52	357.78	391.04	424.3	488.46	552.62	616.78	680.94	745.1	710.99	676.88	642.77	608.66	574.55	540.44	506.33	472.22	438.11	404	MustRun	HU	-	OtherRes_HU			
Othernon-RES	527	476.7402	426.4804	376.2206	325.9608	275.701	244.3632	213.0254	181.6876	150.3498	119.012	152.5108	186.0096	219.5084	253.0072	286.506	320.0048	353.5036	387.0024	420.5012	454	MustRun	HU	-	OtherNonRes_HU			
Biofuels	134.5999985	143.7999988	152.9999991	162.1999994	171.3999997	180.6	165.7	150.8	135.9	121	106.1	95.49	84.88	74.27	63.66	53.05	42.44	31.83	21.22	10.61	0	Biofuels	HU	-	-			
Peat	0	0	0	0	0	0	0	0	0	0	0	0	0	0	0	0	0	0	0	0	0	Peat	HU	-	-			
DSR	0	0	0	0	0	0	0	0	0	0	0	0	0	0	0	0	0	0	0	0	0	DSR	HU	-	-			
Battery	0	0	0	0	0	0	0	0	0	0	0	126.1	252.2	378.3	504.4	630.5	756.6	882.7	1008.8	1134.9	1261	Battery	HU	-	-			
ReservesHU	-580	-664	-748	-832	-916	-1000	-1110	-1220	-1330	-1440	-1550	-1550	-1550	-1550	-1550	-1550	-1550	-1550	-1550	-1550	-1550	RS	HU	-	-			
																												
DK1cap_																												
DK1cap	2020	2021	2022	2023	2024	2025	2026	2027	2028	2029	2030	2031	2032	2033	2034	2035	2036	2037	2038	2039	2040	PlantType	Node	Nounits	Variation			
Esbjergvaerket_Blok_3	373.3	373.3	373.3	373.3	0	0	0	0	0	0	0	0	0	0	0	0	0	0	0	0	0	CKV_EX	DK1	1	-			
Esbjergvaerket_Blok_3.1	0	0	0	0	0	0	0	0	0	0	0	0	0	0	0	0	0	0	0	0	0	CKV_BP	DK1	1	-			
Fynsvaerket_Blok_7	0	0	0	0	0	0	0	0	0	0	0	0	0	0	0	0	0	0	0	0	0	CKV_EX	DK1	1	-			
Fynsvaerket_Blok_7.1	250	250	250	272	272	272	272	272	272	272	272	272	272	272	272	272	272	272	272	272	272	CKV_BP	DK1	1	-			
Fynsvaerket_Blok_7.2	0	0	0	35	35	35	35	35	35	35	35	35	35	35	35	35	35	35	35	35	35	CKV_BP	DK1	1	-			
Fynsvaerket_Blok_8	31	31	31	31	31	31	31	31	31	31	31	31	31	31	31	31	31	31	31	31	31	CKV_BP	DK1	1	-			
Herningvaerket_-	90.4	73.2	73.2	73.2	73.2	73.2	73.2	73.2	73.2	73.2	73.2	73.2	73.2	73.2	73.2	73.2	73.2	73.2	73.2	73.2	73.2	CKV_BP	DK1	1	-			
Nordjyllandsvaerket_Blok_2	0	0	0	0	0	0	0	0	0	0	0	0	0	0	0	0	0	0	0	0	0	CKV_EX	DK1	1	-			
Nordjyllandsvaerket_Blok_3	385	385	385	385	385	385	385	385	385	0	0	0	0	0	0	0	0	0	0	0	0	CKV_EX	DK1	1	-			
Nordjyllandsvaerket_Blok_3.1	0	0	0	0	0	0	0	0	0	0	0	0	0	0	0	0	0	0	0	0	0	CKV_BP	DK1	1	-			
Skaerbaekvaerket_Blok_3	392	392	392	392	392	392	392	392	392	392	392	392	392	392	392	392	392	392	392	392	392	CKV_EX	DK1	1	-			
Studstrupvaerket_Blok_3	357	357	357	357	357	357	357	357	357	357	357	0	0	0	0	0	0	0	0	0	0	CKV_EX	DK1	1	-			
Studstrupvaerket_Blok_4	357	357	357	0	0	0	0	0	0	0	0	0	0	0	0	0	0	0	0	0	0	CKV_EX	DK1	1	-			
Studstrupvaerket_Blok_5	14	14	14	14	14	14	14	14	14	14	14	14	14	14	14	14	14	14	14	14	14	CKV_GT	DK1	1	-			
Randersvaerket_-	52	52	52	52	52	52	52	52	52	52	52	52	52	52	52	52	52	52	52	52	52	CKV_BP	DK1	1	-			
Hjoerring_KV_	56.15	56.15	56.15	56.15	56.15	56.15	56.15	56.15	56.15	56.15	56.15	56.15	56.15	56.15	56.15	56.15	56.15	56.15	56.15	56.15	56.15	DKV_CC	DK1	1	-			
AVV-Forbraending_KV_	4.6	4.6	4.6	4.6	4.6	4.6	4.6	4.6	4.6	4.6	3.22	3.22	3.22	3.22	3.22	3.22	3.22	3.22	3.22	3.22	3.22	DKV_affald	DK1	1	-			
Frederikshavn_KV_	0	0	0	0	0	0	0	0	0	0	0	0	0	0	0	0	0	0	0	0	0	DKV_GT	DK1	1	-			
AVoe-Forbraending_KV_	2.4	2.4	2.4	2.4	2.4	2.4	2.4	2.4	2.4	2.4	1.68	1.68	1.68	1.68	1.68	1.68	1.68	1.68	1.68	1.68	1.68	DKV_affald	DK1	1	-			
Forbraendingsmotor_Biogas_Frederikshavn_	0.38	0.38	0.38	0.38	0.38	0.38	0.38	0.38	0.38	0.38	0.38	0.38	0.38	0.38	0.38	0.38	0.38	0.38	0.38	0	0	DKV_GM	DK1	1	-			
Broenderslev_KV_	22.4	22.4	22.4	22.4	22.4	22.4	22.4	22.4	22.4	22.4	22.4	22.4	22.4	22.4	22.4	22.4	22.4	22.4	22.4	22.4	22.4	DKV_GM	DK1	1	-			
Broenderslev_ORC_CSP_	4	4	4	4	4	4	4	4	4	4	4	4	4	4	4	4	4	4	4	4	4	DKV_bio	DK1	1	-			
Thisted-Forbraending_KV_	3.3	3.3	3.3	3.3	3.3	3.3	3.3	3.3	3.3	3.3	2.31	2.31	2.31	2.31	2.31	2.31	2.31	2.31	2.31	2.31	2.31	DKV_affald	DK1	1	-			
Forbraendingsmotor_Naturgas_Thisted_	2.21	2.21	2.21	1.963333333	1.716666667	1.47	0.98	0.49	0	0	0	0	0	0	0	0	0	0	0	0	0	DKV_GM	DK1	1	-			
Maabjergvaerket_KV_	27	27	27	27	27	27	27	27	27	27	18.9	18.9	18.9	18.9	18.9	18.9	18.9	18.9	18.9	18.9	18.9	DKV_affald	DK1	1	-			
Forbraendingsmotor_Biogas_HolstebroStruer_	2.96	2.96	2.96	2.96	2.96	2.96	2.96	2.96	2.96	2.96	2.96	2.96	2.96	0	0	0	0	0	0	0	0	DKV_GM	DK1	1	-			
Viborg_KV_	57	57	57	57	57	57	57	57	57	57	57	57	57	57	57	57	57	57	57	57	57	DKV_CC	DK1	1	-			
Grenaa_KV_	0	0	0	0	0	0	0	0	0	0	0	0	0	0	0	0	0	0	0	0	0	DKV_bio	DK1	1	-			
Forbraendingsmotor_Naturgas_Herning_	16.08	16.08	16.08	16.08	16.08	16.08	11.092	5.732	0.372	0	0	0	0	0	0	0	0	0	0	0	0	DKV_GM	DK1	1	-			
Forbraendingsmotor_Biogas_Herning_	0.357	0.357	0.357	0.357	0.357	0.357	0.357	0.357	0.357	0.357	0.357	0.357	0.357	0.357	0.357	0.357	0.357	0.357	0.357	0	0	DKV_GM	DK1	1	-			
Silkeborg_KV_	54.25	54.25	54.25	54.25	54.25	54.25	54.25	54.25	54.25	54.25	54.25	54.25	54.25	54.25	54.25	54.25	54.25	54.25	54.25	54.25	54.25	DKV_CC	DK1	1	-			
Silkeborg_KV_Ombygget_	54.3	54.3	54.3	54.3	54.3	54.3	54.3	54.3	54.3	54.3	54.3	54.3	54.3	54.3	54.3	54.3	54.3	54.3	54.3	54.3	54.3	DKV_CC	DK1	1	-			
Lisbjerg_KV_	37	37	37	37	37	37	37	37	37	37	37	37	37	37	37	37	37	37	37	37	37	DKV_bio	DK1	1	-			
RenoSyd_KV_	2.85	2.85	2.85	2.85	2.85	2.85	2.85	2.85	2.85	2.85	1.995	1.995	1.995	1.995	1.995	1.995	1.995	1.995	1.995	1.995	1.995	CKV_affald	DK1	1	-			
aarhus-Forbraending_KV_Ovn4_	11.3	11.3	11.3	11.3	11.3	11.3	11.3	11.3	11.3	11.3	7.91	7.91	7.91	7.91	7.91	7.91	7.91	7.91	7.91	7.91	7.91	CKV_affald	DK1	1	-			
aarhus-Forbraending_KV_Ovn2_	4.5	4.5	4.5	4.5	4.5	4.5	4.5	4.5	4.5	4.5	3.15	3.15	3.15	3.15	3.15	3.15	3.15	3.15	3.15	3.15	3.15	CKV_affald	DK1	1	-			
aarhus-Forbraending_KV_Ovn1_	4.5	4.5	4.5	4.5	4.5	4.5	4.5	4.5	4.5	4.5	3.15	3.15	3.15	3.15	3.15	3.15	3.15	3.15	3.15	3.15	3.15	CKV_affald	DK1	1	-			
Forbraendingsmotor_Biogas_aarhus_	4.22	4.22	4.22	4.22	4.22	4.22	4.22	4.22	4.22	4.22	4.22	4.22	4.22	0	0	0	0	0	0	0	0	DKV_GM	DK1	1	-			
Horsens_KV_	33	33	33	33	33	33	33	33	7	7	4.9	4.9	4.9	4.9	4.9	4.9	4.9	4.9	4.9	4.9	4.9	DKV_CC	DK1	1	-			
L90-Esbjerg-Forbraending_KV_	18.5	18.5	18.5	18.5	18.5	18.5	18.5	18.5	18.5	18.5	12.95	12.95	12.95	12.95	12.95	12.95	12.95	12.95	12.95	12.95	12.95	CKV_affald	DK1	1	-			
Forbraendingsmotor_Biogas_Esbjerg_	1.27	1.27	1.27	1.27	1.27	1.27	1.27	1.27	1.27	1.27	1.27	1.27	1.27	1.27	1.27	1.27	1.27	1.27	1.27	0	0	DKV_GM	DK1	1	-			
TAS-Forbraending_KV_	6.26	6.26	6.26	6.26	6.26	6.26	6.26	6.26	6.26	6.26	4.382	4.382	4.382	4.382	4.382	4.382	4.382	4.382	4.382	4.382	4.382	CKV_affald	DK1	1	-			
Forbraendingsmotor_Biogas_TVIS_	0.357	0.357	0.357	0.357	0.357	0.357	0.357	0.357	0.357	0.357	0.357	0.357	0.357	0.357	0.357	0.357	0.357	0.357	0.357	0	0	DKV_GM	DK1	1	-			
Soenderborg_KV_	57.98836056	57.98836056	57.98836056	57.98836056	57.98836056	57.98836056	57.98836056	57.98836056	57.98836056	57.98836056	40.59185239	3.5	3.5	3.5	3.5	3.5	3.5	3.5	3.5	3.5	3.5	DKV_CC	DK1	1	-			
Odense_KV_Affaldslinje11+12_	9	9	9	9	9	9	9	9	9	9	6.3	6.3	6.3	6.3	6.3	6.3	6.3	6.3	6.3	6.3	6.3	CKV_affald	DK1	1	-			
Odense_KV_Affaldslinje11+12_Levetidsforlaenget_	0	0	0	0	0	0	0	0	0	0	0	0	0	0	0	0	0	0	0	0	0	CKV_affald	DK1	1	-			
Odense_KV_Affaldslinje13_	13	13	13	13	13	13	13	13	13	13	9.1	9.1	9.1	9.1	9.1	9.1	9.1	9.1	9.1	9.1	9.1	CKV_affald	DK1	1	-			
Odense_KV_Affaldslinje13_Levetidsforlaenget_	0	0	0	0	0	0	0	0	0	0	0	0	0	0	0	0	0	0	0	0	0	CKV_affald	DK1	1	-			
DalumPapir_KV_	7.5	7.5	7.5	0	0	0	0	0	0	0	0	0	0	0	0	0	0	0	0	0	0	DKV_bio	DK1	1	-			
Motor_Naturgas_Odense_	8.28	8.28	8.28	8.28	8.28	8.28	8.28	7.38	6.48	5.58	5.58	5.58	5.58	5.58	5.58	5.58	5.58	5.58	5.58	5.58	5.58	DKV_GM	DK1	1	-			
Motor_Biogas_Odense_	8.961	8.961	8.961	8.961	8.961	8.961	8.961	8.961	8.961	8.961	8.961	8.961	8.961	5.327	5.327	5.327	5.327	5.327	5.327	5.327	0	DKV_GM	DK1	1	-			
Motor_Olie_Odense_	32	32	32	32	32	32	21.33333334	10.66666667	0	0	0	0	0	0	0	0	0	0	0	0	0	DKV_GM	DK1	1	-			
Svendborg_KV_	4.5	4.5	4.5	4.5	4.5	4.5	4.5	4.5	4.5	4.5	3.15	3.15	3.15	3.15	3.15	3.15	3.15	3.15	3.15	3.15	3.15	DKV_affald	DK1	1	-			
Forbraendingsmotor_Naturgas_Svendborg_	16.5	16.5	16.5	11	5.5	0	0	0	0	0	0	0	0	0	0	0	0	0	0	0	0	DKV_GM	DK1	1	-			
Loegumkloster_KV_	6	6	6	4	2	0	0	0	0	0	0	0	0	0	0	0	0	0	0	0	0	DKV_GM	DK1	1	-			
Gasturbine_Naturgas_NG_DK-West_	74.476	69.176	65.436	56.436	46.436	36.436	35.436	35.436	35.436	35.436	35.436	35.436	35.436	35.436	35.436	35.436	35.436	35.436	35.436	35.436	35.436	DKV_GT	DK1	-	-			
Skive_KV_	6	6	6	6	6	4.666666666	3.333333334	1.333333333	0.666666667	0	0	0	0	0	0	0	0	0	0	0	0	DKV_GM	DK1	1	-			
Biomasse_KV_BIO_DK-West_	0	0	0	0	0	0	0	0	0	0	0	0	0	0	0	0	0	0	0	0	0	DKV_bio	DK1	1	-			
Gasturbine_Naturgas_BIO_DK-West_	0	0	0	0	0	0	0	0	0	0	0	0	0	0	0	0	0	0	0	0	0	DKV_GT	DK1	1	-			
Aars_KV_	2.89	2.89	2.89	2.89	2.89	2.89	2.89	2.89	2.89	2.89	2.023	2.023	2.023	2.023	2.023	2.023	2.023	2.023	2.023	2.023	2.023	DKV_affald	DK1	1	-			
Kombianlaeg_NG_	17	17	17	17	17	17	17	17	17	17	11.9	11.9	11.9	11.9	11.9	11.9	11.9	11.9	11.9	11.9	11.9	DKV_GM	DK1	1	-			
Gasturbine_Esbjerg_	25	25	25	25	25	25	25	25	25	25	25	25	25	25	25	25	25	25	25	25	25	Regulerkraft	DK1	1	-			
Forbraendingsmotor_Anholt_	2.4	2.4	2.4	2.4	2.4	2.4	2.4	2.4	2.4	2.4	2.4	2.4	2.4	2.4	2.4	2.4	2.4	2.4	2.4	2.4	2.4	DKV_GM	DK1	1	-			
Noedstroemsanlaeg_	0	0	0	0	0	0	0	0	0	0	0	0	0	0	0	0	0	0	0	0	0	Regulerkraft	DK1	1	-			
I/S_Reno_Nord_	7	7	7	7	7	7	7	7	7	7	4.9	4.9	4.9	4.9	4.9	4.9	4.9	4.9	4.9	4.9	4.9	CKV_affald	DK1	1	-			
Forbraendingsmotor_oestermoseBioenergi_	0	0	0	0	0	0	0	0	0	0	0	0	0	0	0	0	0	0	0	0	0	DKV_GM	DK1	1	-			
Motorer_-_restomraader_-_DK1_	728.361	731.901	726.126	668.0367111	604.8189127	530.1108179	511.9483967	497.5535363	493.7286901	490.7807927	487.9654344	486.0703582	475.8829487	421.0906154	417.397282	412.9324487	409.088682	402.670382	398.278582	394.2840487	394.2840487	DKV_GM	DK1	-	-			
I/S_Reno_Nord_	17.9	17.9	17.9	17.9	17.9	17.9	17.9	17.9	17.9	17.9	12.53	12.53	12.53	12.53	12.53	12.53	12.53	12.53	12.53	12.53	12.53	CKV_affald	DK1	1	-			
oevrig_decentral_regulerkraft-Vest_	8.068	8.068	8.068	8.068	8.068	9.586343156	9.586343156	9.253009823	8.919676489	8.586343156	8.586343156	8.586343156	8.586343156	8.586343156	8.586343156	8.586343156	8.586343156	8.586343156	8.586343156	8.586343156	8.386343156	Regulerkraft	DK1	-	-			
Overskudsel_DK-West_	164.527	163.477	163.477	163.477	175.8492977	175.8492977	175.8492977	175.8492977	175.8492977	175.8492977	175.8492977	175.8492977	175.8492977	163.477	160.477	160.477	144.268	138.174	129.68	124.388	120.683	ICHP	DK1	1	ICHP			
Havvind_DKV	1256.4	1256.4	1256.4	1256.4	1606.4	1606.4	2106.4	2601.4	2437.4	2395.9	2895.9	3395.9	3395.9	3395.9	3395.9	3186.6	3186.6	3186.6	3136.2	2787	2787	Wind	DK1	1	WS_DK1			
Kystvind_DKV	0	0	0	0	0	0	65	130	200	200	200	200	200	200	200	200	200	200	200	200	200	Wind	DK1	1	WS_DK1			
Landvind_DKV	3714.544	3913.344	3931.344	4040.834	4024.384	4165.185	4283.205	4302.285	4407.315	4515.665	4601.12	4707.925	4742.655	4731.465	4667.695	4433	4290.97	4133.925	3775.11	3670.775	3345.35	Wind	DK1	1	WL_DK1			
Solceller_DKV	795	953	1417	2229	2557	3092	3631	4173	4514	4858	5205	5555	5848	6144	6443	6745	7050	7298	7549	7803	8060	Solar	DK1	1	PV_DK1			
VandkraftDK	6.93	6.93	6.93	6.93	6.93	6.93	6.93	6.93	6.93	6.93	6.93	6.93	6.93	6.93	6.93	6.93	6.93	6.93	6.93	6.93	6.93	ROR	DK1	1	HY_DELU			
DivKapDK1	0	0	0	0	0	0	0	0	0	0	0	0	0	0	0	0	0	0	0	0	0	StratRes	DK1	1	-			
ReservesDK-West	120	110	110	110	110	110	110	-110	-110	-110	-110	-110	-110	-110	-110	-110	-110	-110	-110	-110	-110	RS	DK1	1	-			
																												
																												
																												
DK2cap																												
DK2cap	2020	2021	2022	2023	2024	2025	2026	2027	2028	2029	2030	2031	2032	2033	2034	2035	2036	2037	2038	2039	2040	PlantType	Node	Nounits	Variation			
Amagervaerket_Blok_1	64	64	64	64	64	64	64	64	64	64	64	64	64	64	0	0	0	0	0	0	0	CKV_BP	DK2	1	-			
Amagervaerket_Blok_3	250	0	0	0	0	0	0	0	0	0	0	0	0	0	0	0	0	0	0	0	0	CKV_EX	DK2	1	-			
Amagervaerket_Blok_4	150	150	150	150	150	150	150	150	150	150	150	150	150	150	150	150	150	150	150	150	150	CKV_BP	DK2	1	-			
Asnaesvaerket_Blok_2	0	0	0	0	0	0	0	0	0	0	0	0	0	0	0	0	0	0	0	0	0	CKV_EX	DK2	1	-			
Asnaesvaerket_Blok_2.1	28	0	0	0	0	0	0	0	0	0	0	0	0	0	0	0	0	0	0	0	0	CKV_BP	DK2	1	-			
Asnaesvaerket_Blok_4	0	0	0	0	0	0	0	0	0	0	0	0	0	0	0	0	0	0	0	0	0	CKV_EX	DK2	1	-			
Asnaesvaerket_Blok_5	640	0	0	0	0	0	0	0	0	0	0	0	0	0	0	0	0	0	0	0	0	CKV_EX	DK2	1	-			
Asnaesvaerket_Blok_6	25	25	25	25	25	25	25	25	25	25	25	25	25	25	25	25	25	25	25	25	25	CKV_BP	DK2	1	-			
Avedoerevaerket_Blok_1	250	250	250	250	250	250	250	250	250	250	250	250	250	250	0	0	0	0	0	0	0	CKV_EX	DK2	1	-			
Avedoerevaerket_Blok_2	560	560	560	560	560	560	560	560	560	560	560	560	560	560	560	560	560	560	560	560	560	CKV_EX	DK2	1	-			
H.C._oerstedsvaerket_Sektion_2_(Blok_1-4)	0	0	0	0	0	0	0	0	0	0	0	0	0	0	0	0	0	0	0	0	0	CKV_BP	DK2	1	-			
H.C._oerstedsvaerket_Blok_7	82	82	0	0	0	0	0	0	0	0	0	0	0	0	0	0	0	0	0	0	0	CKV_BP	DK2	1	-			
H.C._oerstedsvaerket_Blok_8	23.2	23.2	23.2	23.2	23.2	23.2	23.2	0	0	0	0	0	0	0	0	0	0	0	0	0	0	CKV_GT	DK2	1	-			
Kyndbyvaerket_Blok_21	262	2	2	2	2	2	2	2	2	2	2	2	2	2	2	2	2	2	2	2	2	CKV_EX	DK2	1	-			
Stigsnaesvaerket_Blok_1	0	0	0	0	0	0	0	0	0	0	0	0	0	0	0	0	0	0	0	0	0	CKV_EX	DK2	1	-			
Stigsnaesvaerket_Blok_2	0	0	0	0	0	0	0	0	0	0	0	0	0	0	0	0	0	0	0	0	0	CKV_EX	DK2	1	-			
Svanemoellevaerket_Blok_1-3	0	0	0	0	0	0	0	0	0	0	0	0	0	0	0	0	0	0	0	0	0	CKV_BP	DK2	1	-			
Svanemoellevaerket_Blok_7	0	0	0	0	0	0	0	0	0	0	0	0	0	0	0	0	0	0	0	0	0	CKV_BP	DK2	1	-			
Kyndbyvaerket_Blok_22	260	260	260	260	260	260	260	260	260	260	260	260	260	260	260	260	260	260	260	260	260	KYV22	DK2	1	-			
Kyndbyvaerket_Blok_41	18	18	18	18	18	18	18	18	18	18	18	18	18	18	18	18	18	18	18	18	18	CKV_GT	DK2	1	-			
Kyndbyvaerket_Blok_51	63	63	63	63	63	63	63	63	63	63	63	63	63	63	63	63	63	63	63	63	63	CKV_GT	DK2	1	-			
Kyndbyvaerket_Blok_52	63	63	63	63	63	63	63	63	63	63	63	63	63	63	63	63	63	63	63	63	63	CKV_GT	DK2	1	-			
Masnedoevaerket_Blok_31	70	70	70	70	70	70	70	70	70	70	70	70	70	70	70	70	70	70	70	70	70	CKV_GT	DK2	1	-			
Helsingoer_KV_	59	55	55	55	55	55	55	55	55	55	55	55	55	55	55	55	55	55	55	55	55	DKV_CC	DK2	1	-			
Helsingoer_KV_GT_	0	0	0	0	0	0	0	0	0	0	0	0	0	0	0	0	0	0	0	0	0	DKV_CC	DK2	1	-			
Helsingoer_KV_2_	0	0	0	0	0	0	0	0	0	0	0	0	0	0	0	0	0	0	0	0	0	DKV_CC	DK2	1	-			
Nordforbraending_KV_	8	8	8	8	8	8	8	8	8	8	5.6	5.6	5.6	5.6	5.6	5.6	5.6	5.6	5.6	5.6	5.6	CKV_affald	DK2	1	-			
Forbraendingsmotor_Naturgas_Helsingoer_	4.98	4.98	4.98	3.651666667	1.991666666	0.331666667	0	0	0	0	0	0	0	0	0	0	0	0	0	0	0	DKV_GM	DK2	1	-			
Hilleroed_KV_	77	77	77	77	77	0	0	0	0	0	0	0	0	0	0	0	0	0	0	0	0	DKV_CC	DK2	1	-			
Hilleroed_KV_ORC_	5.12	5.12	5.12	5.12	5.12	5.12	5.12	5.12	5.12	5.12	5.12	5.12	5.12	5.12	5.12	5.12	5.12	5.12	5.12	5.12	5.12	DKV_bio	DK2	1	-			
Flisforgasser_Gasmotor_Hilleroed_	5	5	5	5	4.646666667	4.293333333	3.94	3.94	3.94	3.94	3.94	3.94	3.94	3.94	3.94	3.94	3.94	3.94	3.94	3.94	3.94	DKV_GM	DK2	1	-			
DTU_KV_	38.5	38.5	38.5	38.5	38.5	38.5	38.5	38.5	38.5	38.5	38.5	38.5	38.5	38.5	38.5	38.5	38.5	38.5	38.5	38.5	38.5	DKV_CC	DK2	1	-			
Koge_KV_Blok7_	11	11	11	0	0	0	0	0	0	0	0	0	0	0	0	0	0	0	0	0	0	DKV_bio	DK2	1	-			
Koge_KV_Blok8_	15	0	15	15	15	15	15	15	15	15	15	15	15	15	15	15	15	15	15	15	15	DKV_bio	DK2	1	-			
ARC_KV_AmagerBakke_	62	62	62	62	62	62	62	62	62	62	43.4	43.4	43.4	43.4	43.4	43.4	43.4	43.4	43.4	43.4	43.4	CKV_affald	DK2	1	-			
KARA-Forbraending_KV_Anlaeg5_	13.7	13.7	13.7	13.7	13.7	13.7	13.7	13.7	13.7	13.7	9.59	9.59	9.59	9.59	9.59	9.59	9.59	9.59	9.59	9.59	9.59	CKV_affald	DK2	1	-			
KARA-Forbraending_KV_Anlaeg6_	19.4	19.4	19.4	19.4	19.4	19.4	19.4	19.4	19.4	19.4	13.58	13.58	13.58	13.58	13.58	13.58	13.58	13.58	13.58	13.58	13.58	CKV_affald	DK2	1	-			
Vestforbraending_KV_Anlaeg5_	17	17	17	17	17	17	17	17	17	17	11.9	11.9	11.9	11.9	11.9	11.9	11.9	11.9	11.9	11.9	11.9	CKV_affald	DK2	1	-			
Vestforbraending_KV_Anlaeg6_	22	22	22	22	22	22	22	22	22	22	15.4	15.4	15.4	15.4	15.4	15.4	15.4	15.4	15.4	15.4	15.4	CKV_affald	DK2	1	-			
Forbraendingsmotor_Biogas_KBH_	3.047	3.047	3.047	3.047	3.047	3.047	3.047	3.047	3.047	3.047	3.047	3.047	3.047	0	0	0	0	0	0	0	0	DKV_GM	DK2	1	-			
Slagelse-Forbraending_KV_	10.9	10.9	10.9	10.9	10.9	10.9	10.9	10.9	10.9	10.9	7.63	7.63	7.63	7.63	7.63	7.63	7.63	7.63	7.63	7.63	7.63	DKV_affald	DK2	1	-			
MasnedoeKV_	9.98	9.98	9.98	9.98	9.98	9.98	9.98	9.98	9.98	9.98	9.98	9.98	9.98	9.98	9.98	9.98	9.98	9.98	9.98	9.98	9.98	DKV_bio	DK2	1	-			
MariboSakskoebing_KV_	11.5	11.5	11.5	11.5	11.5	11.5	11.5	11.5	11.5	11.5	11.5	11.5	11.5	11.5	11.5	11.5	11.5	11.5	11.5	11.5	11.5	DKV_bio	DK2	1	-			
Haslev_KV_	5	5	5	5	0	0	0	0	0	0	0	0	0	0	0	0	0	0	0	0	0	DKV_bio	DK2	1	-			
Noedstroemsanlaeg_DK-East_	23.89	23.89	23.89	17.89	11.89	9.49	7.526666667	5.563333333	3.6	3.6	3.6	3.6	3.6	3.6	3.6	3.6	3.6	3.6	3.6	3.6	3.6	DKV_GM	DK2	1	-			
NykoebingFalster-Forbraending_KV_	6.7	6.7	6.7	6.7	6.7	6.7	6.7	6.7	6.7	6.7	4.69	4.69	4.69	4.69	4.69	4.69	4.69	4.69	4.69	4.69	4.69	DKV_affald	DK2	1	-			
Naestved-Forbraending_KV_	12.89	12.89	12.89	12.89	12.89	12.89	12.89	12.89	12.89	12.89	9.023	9.023	9.023	9.023	9.023	9.023	9.023	9.023	9.023	9.023	9.023	DKV_affald	DK2	1	-			
Motorer_-_restomraader_-_DK2_	144.457	146.272	146.088	143.7401481	140.1997037	135.4714815	132.7892593	131.2996296	130.9977778	130.9977778	130.4647778	129.9317778	122.3047778	115.8287778	115.2957778	114.7627778	114.2297778	114.2297778	114.2297778	110.9997778	110.9997778	DKV_GM	DK2	-	-			
oevrig_decentral_regulerkraft-oest_	36	36	36	36	36	36	36	36	36	36	36	36	36	36	36	36	36	36	36	36	36	Regulerkraft	DK2	-	-			
Overskudsel_DK-East_	48.19	48.19	48.19	48.19	53.49241329	53.49241329	53.49241329	53.49241329	53.49241329	53.49241329	53.49241329	53.49241329	53.49241329	48.19	48.19	48.19	42.815	42.815	42.815	41.825	40.165	ICHP	DK2	-	ICHP			
I/S_Norfors_	7.4	7.4	7.4	7.4	7.4	7.4	7.4	7.4	7.4	7.4	5.18	5.18	5.18	5.18	5.18	5.18	5.18	5.18	5.18	5.18	5.18	CKV_affald	DK2	1	-			
Havvind_DKoe	444.4	244.4	449.2	449.2	449.2	449.2	409.2	409.2	909.2	1243.6	1743.6	2243.6	2243.6	2243.6	2243.6	2215.4	2008.4	2004.8	2004.8	2004.8	2004.8	Wind	DK2	1	WS_DK2			
Kystvind_DKoe	0	0	0	0	0	0	160	330	500	500	500	500	500	500	500	500	500	500	500	500	500	Wind	DK2	1	WS_DK2			
Landvind_DKoe	742.426	742.426	742.426	734.702	729.472	792.342	774.887	788.057	811.852	823.947	849.642	851.587	857.882	869.404	884.494	898.605	890.55	847.415	824.415	782.645	715.285	Wind	DK2	1	WL_DK2			
Solceller_DKoe	341	409	608	758	977	1334	1693	2054	2281	2510	2741	2974	3169	3366	3565	3766	3969	4135	4303	4473	4645	Solar	DK2	1	PV_DK2			
DivKapDK2	0	0	0	0	0	0	0	0	0	0	0	0	0	0	0	0	0	0	0	0	0	StratRes	DK2	1	-			
ReservesDK-East	120	110	110	110	110	110	110	-110	-110	-110	-110	-110	-110	-110	-110	-110	-110	-110	-110	-110	-110	RS	DK2	1	-			
																												
																												
DKBOcap																												
DKBOcap	2020	2021	2022	2023	2024	2025	2026	2027	2028	2029	2030	2031	2032	2033	2034	2035	2036	2037	2038	2039	2040	PlantType	Node	Nounits	Variation			
oestkraft_Blok_6	37	37	37	37	37	37	37	37	37	37	37	37	37	37	37	37	37	37	37	37	37	CKV_EX	DKBO	1	-			
oestkraft_Dieselvaerk	19.6	19.6	19.6	19.6	19.6	19.6	19.6	19.6	19.6	19.6	19.6	19.6	19.6	19.6	19.6	19.6	19.6	19.6	19.6	19.6	19.6	CKV_DI	DKBO	4	-			
oestkraft_Blok_5	27.5	27.5	27.5	27.5	27.5	27.5	27.5	27.5	27.5	27.5	27.5	27.5	27.5	27.5	27.5	27.5	27.5	27.5	27.5	27.5	27.5	KYV22	DKBO	1	-			
oestkraft_Blok_7	15	15	15	15	15	15	15	15	15	15	15	15	15	15	15	15	15	15	15	15	15	CKV_DI	DKBO	3	-			
VindBornholm	37	37	37	37	37	37	37	37	37	37	37	37	37	37	37	37	37	37	37	37	37	Wind	DKBO	1	WL_DK2			
PVBornholm	3.41	4.09	6.08	7.58	9.77	13.34	16.93	20.54	22.81	25.1	27.41	29.74	31.69	33.66	35.65	37.66	39.69	41.35	43.03	44.73	46.45	Solar	DKBO	1	PV_DK2			
EnergioeEast	0	0	0	0	0	0	0	0	0	0	2250	3000	3000	3000	3000	3000	3000	3000	3000	3000	3000	Wind	DKBO	1	WS_DKKF			
																												
DKKFcap																												
DKKFcap	2020	2021	2022	2023	2024	2025	2026	2027	2028	2029	2030	2031	2032	2033	2034	2035	2036	2037	2038	2039	2040	PlantType	Node	Nounits	Variation			
HavvindKF	0	200	600	600	600	600	600	600	600	600	600	600	600	600	600	600	600	600	600	600	600	Wind	DKKF	1	WS_DKKF			
																												
DKEIcap																												
DKEIcap	2020	2021	2022	2023	2024	2025	2026	2027	2028	2029	2030	2031	2032	2033	2034	2035	2036	2037	2038	2039	2040	PlantType	Node	Nounits	Variation			
EnergioeVest	0	0	0	0	0	0	0	0	0	0	0	0	0	2250	3000	3000	3000	3000	3000	3000	3000	Wind	DKEI	1	WS_DK1			
																												
																												
																												
