Klimaår	DK-West	DK-East	Bornholm	KriegersFlak	EnergyIsland	NOm	NOn	NOs	SE1	SE2	SE3	SE4	Finland	DELU	Austria	Holland	GB	France	Belgium	ESPT	Schweiz	Italy	EELVLT	Poland	CZSK	Hungary
1982	1.001872143	1.014438592	1.014438592	1	1	1.000727999	0.997625539	1.012263761	1.001683189	1.007309581	1.007205509	1.006750723	1.006615631	1.003701816	1.004357072	1.002562665	1.00203372	1.002065133	1.003203371	0.991689157	1.000500236	1.0044383	1.000776994	1.001359046	1.00268402	0.994577384
1983	1.002122595	1.003439634	1.003439634	1	1	1.002942837	1.007252311	0.997990978	1.005051804	0.999402703	0.997689579	1.000002018	1.003609892	1.001331919	1.001189424	1.005981631	1.00550575	1.020934222	1.003144694	0.997191064	1.007798318	1.002290576	0.996811546	0.998577525	1.000039514	1.000857023
1984	1.001928829	1.005412431	1.005412431	1	1	1.003039841	0.999262071	1.003218471	1.000405113	0.999817205	1.000658353	1.005512071	0.999980312	1.006514367	1.003990332	1.007122025	1.005096562	1.015340113	1.004600885	0.993825296	1.008898478	0.98728012	1.002597441	0.998851143	1.004921191	0.992321511
1985	1.010995514	1.057080407	1.057080407	1	1	1.017385568	1.006387741	1.045560434	1.020074857	1.035032478	1.043685667	1.040878043	1.040226853	1.02094694	1.014550737	1.014891498	1.021676596	1.044180327	1.019716422	1.005522444	1.01819372	1.001914387	1.032494239	1.008838317	1.013450729	0.999318772
1986	1.008969106	1.035041364	1.035041364	1	1	1.01507492	1.008714169	1.027947732	1.007980883	1.013992908	1.021215737	1.025704079	1.021107496	1.012427335	1.010843163	1.009493882	1.018729762	1.032170531	1.012132223	0.999771748	1.012425313	0.999855324	1.015205207	1.003833371	1.008345995	1.002649678
1987	1.0087219	1.055579672	1.055579672	1	1	1.013349799	1.005191869	1.040203698	1.013044711	1.024480861	1.037187953	1.036172175	1.035866636	1.02050899	1.011327051	1.013119292	1.01951461	1.034855512	1.015466606	1.0000368	1.011020629	1.005970953	1.028810914	1.008512916	1.012036498	1.002581645
1988	0.998692337	0.998359917	0.998359917	1	1	1.003210797	0.99802321	1.006812198	1.005273442	1.003438251	1.00494542	1.00239443	1.010517315	0.994863993	1.00086629	1.000758106	0.99919381	0.987145231	0.995448191	0.990527477	0.999259139	0.998653765	1.008930392	0.999311027	1.001646555	0.999015056
1989	0.993651894	0.970457318	0.970457318	1	1	0.992800272	0.999629531	0.977599859	0.99135141	0.984163695	0.976795066	0.974619787	0.982308388	0.992859654	0.995577282	0.997078726	0.992788597	0.990722464	0.994496339	0.996295804	0.992108572	0.983046247	0.982180896	0.990620103	0.996287662	0.987289621
1990	0.995206981	0.969577787	0.969577787	1	1	0.988433083	0.997442275	0.977517685	0.992893787	0.985503036	0.975646415	0.97179063	0.987656557	0.991383459	0.995785484	0.993060875	0.986087218	0.986299851	0.992859662	0.99997506	0.995964834	0.989597407	0.979974133	0.988102399	0.995392941	0.985871562
1991	0.99943518	1.001458609	1.001458609	1	1	0.999393858	1.002713723	1.000597089	1.00072851	0.998832365	1.000954228	1.006541553	0.997616577	1.006136854	1.0102716	1.004823565	1.013555208	1.028562975	1.006985112	1.006805215	1.006847627	1.008835978	0.993486368	1.000434564	1.007464821	0.998773887
1992	0.997690614	0.987784105	0.987784105	1	1	0.999596098	1.001571115	0.996200948	0.995860616	0.994916479	0.992055537	0.993618149	0.996860662	0.997943524	0.999875441	1.001190773	1.003485156	1.007771793	1.001179782	0.993524697	1.001238244	0.994716216	0.993330118	1.002501752	0.998576661	1.002171588
1993	1.004055934	1.012350888	1.012350888	1	1	1.009062142	1.0038315	1.012257158	1.00044983	1.003099448	1.006766814	1.006910607	1.005262194	1.004123802	1.003561594	1.005048645	1.006930909	1.008104025	1.002169402	0.9942236	1.00088327	0.997748977	1.006788972	1.000165019	1.002602321	1.003878405
1994	0.999702206	0.996572679	0.996572679	1	1	1.011407742	1.004500781	1.013855014	1.003223916	1.008921492	1.002264183	0.997047633	1.009757051	0.991860819	0.990958702	1.000264408	0.994327028	0.976661322	0.993581684	0.997280879	0.988935471	1.001981337	1.006026296	0.997865443	0.993460901	1.001722068
1995	1.00090924	1.006692849	1.006692849	1	1	1.006170264	1.006812712	1.007026814	1.001120685	1.004354476	1.008618889	1.008687962	0.997990481	1.002311783	1.003235014	1.000354958	0.997529245	0.994635878	0.997989857	0.991778998	0.999770155	0.992099741	1.001272425	1.004629833	1.00077402	0.998754786
1996	1.007536571	1.03859159	1.03859159	1	1	1.014793255	1.006071497	1.026098738	1.003049756	1.010899243	1.025028092	1.034026477	1.011185638	1.021771519	1.013407634	1.010424467	1.017508431	1.017487472	1.013776575	0.991385686	1.004616307	0.990171621	1.019692343	1.00952484	1.014936966	0.999325103
1997	0.999931538	1.004319465	1.004319465	1	1	0.999782718	1.002421371	0.996817233	0.999363843	0.995699508	1.002977204	1.011027203	1.003126509	1.002723164	1.002314804	1.001892606	0.996366575	0.991307728	1.001299011	0.985473625	0.990664095	0.989908587	1.003302505	1.002288779	1.004661508	0.99591338
1998	1.001315171	1.004753719	1.004753719	1	1	1.002679174	1.006035585	1.001019408	1.009986898	1.004959018	1.00832828	1.003190487	1.010168098	0.99704404	1.000709933	1.001795098	0.993322788	1.000290895	0.99869975	0.998182956	1.00245098	1.007944927	1.005144918	0.99976337	1.000177442	0.999874213
1999	0.997621799	0.991613763	0.991613763	1	1	0.997648933	0.9970279	0.991575349	1.002124654	0.99882954	0.993276421	0.993978396	0.997912329	0.993536575	0.998886856	0.995326959	0.990823401	0.992302435	0.993392859	1.004142742	1.001854218	1.005544673	0.994275099	0.997716168	0.996905048	0.991770664
2000	0.996275959	0.972082489	0.972082489	1	1	0.990203647	0.996020624	0.971100536	0.990818755	0.982591544	0.977333191	0.97383978	0.98013222	0.988791602	0.989495559	0.993870849	0.994792714	0.977031538	0.992345451	0.996407266	0.989017073	0.992952814	0.978678967	0.987786609	0.990339901	0.996955776
2001	1.000171847	1.001824652	1.001824652	1	1	1.002233078	0.996954599	1.006332936	0.999757563	1.003587502	1.002282308	1.004469989	1.002871072	0.999559801	1.000029402	0.999382506	1.004537916	0.997445773	0.998938931	1.000764947	0.995850206	0.995583448	1.000373092	1.001581993	1.000142817	0.99392373
2002	0.998755139	0.991337038	0.991337038	1	1	0.994602286	0.997005593	0.999777787	1.001205009	1.000392064	0.99761882	0.99580421	1.004230687	0.991686096	0.994302563	0.995073029	0.988677887	0.969383501	0.992169228	0.986801229	0.990210492	0.98807563	1.001767295	1.001896233	0.995972367	0.99926537
2003	0.998569957	1.001728837	1.001728837	1	1	0.992274564	0.996327492	0.994163726	0.998086963	1.001019556	1.00385625	1.003969751	1.002791134	1.000936501	1.004858152	0.998140403	0.996076243	1.007385899	0.999451693	1.013680344	1.00053133	1.033678247	1.002210763	1.004708992	0.999531637	1.017163841
2004	0.999531936	0.99635472	0.99635472	1	1	0.992446755	0.996308663	0.988733628	1.000314263	0.996048259	0.99790819	0.997158493	0.994527143	0.998875324	1.000851292	0.996355814	0.993552516	1.003145894	0.998141078	1.003481249	0.997632362	0.998264593	0.998287667	0.997838263	0.999919314	0.992608712
2005	0.996882535	0.990598207	0.990598207	1	1	0.990223719	0.994074876	0.981002734	0.992396129	0.990951028	0.993373033	0.995484791	0.99004152	1.000879153	1.005179486	0.993301978	0.993429188	1.009896854	0.996920934	1.014461813	1.007001716	1.009803628	0.998700793	1.002009059	1.001870793	1.000823702
2006	0.994870135	0.990697857	0.990697857	1	1	0.986218326	0.986869002	0.98240135	0.995000976	0.989146554	0.989846481	0.993010583	0.990868775	0.998716197	1.00005873	0.99548618	0.996506126	1.002167707	0.997894674	1.010178606	0.999381534	1.005199971	0.994467996	1.00658639	1.000890654	1.0021302
2007	0.995540917	0.970181172	0.970181172	1	1	0.994707308	0.99667003	0.983793297	0.993836041	0.991310268	0.982723658	0.976594876	0.985909197	0.988787438	0.989928034	0.98946054	0.983737408	0.975550763	0.990071725	0.994190017	0.991523794	0.99506315	0.988403195	0.994997331	0.98995953	1.006265435
2008	0.993904203	0.970907161	0.970907161	1	1	0.990537696	0.992562771	0.981783788	0.993244508	0.989048818	0.980162897	0.975647026	0.976098617	0.992281477	0.9910302	0.99558089	0.997016456	0.993740058	0.997829782	0.996335127	0.997750495	0.998133967	0.97833714	0.992114578	0.991097889	0.991073756
2009	0.99683127	0.991991835	0.991991835	1	1	0.996027035	0.999068432	0.999217058	0.998316917	1.001647755	0.999860393	0.997637666	0.997725637	0.999170516	0.996014144	0.994815205	0.995823149	0.999555609	0.998567795	1.00735641	1.000552201	1.008288105	0.996544683	0.998720201	0.994979604	0.99533748
2010	1.010592798	1.047900422	1.047900422	1	1	1.024105546	1.001658696	1.040845821	1.012345355	1.026377117	1.035078471	1.034956941	1.025081589	1.015735066	1.007229087	1.006740803	1.020680604	1.03454676	1.011290422	1.011399314	1.011690367	1.006307691	1.024702032	1.009991004	1.006677376	1.004677499
2011	0.999712525	0.988904538	0.988904538	1	1	0.986684377	0.995364828	0.98370602	0.990852058	0.986279445	0.985159213	0.990575419	0.984852069	0.990453374	0.99239679	0.992304917	0.980202484	0.963893756	0.98854277	0.999041717	0.984005612	0.999180903	0.990500804	0.998456276	0.993233655	1.002011873
2012	1.001229174	1.000591017	1.000591017	1	1	1.005411918	1.002835065	1.002980713	1.003355377	1.002079939	1.001488458	1.000282736	1.004059693	1.001110354	0.995848063	0.999391588	1.00434413	0.997114418	0.999028235	1.011412409	1.00101924	1.017050356	1.004604682	1.002975677	0.996946683	1.01303714
2013	0.99972573	1.001028939	1.001028939	1	1	0.99795903	0.995739596	1.00225249	0.996103825	0.995942545	0.999442729	1.000731823	0.988778257	1.006109612	0.998750173	1.001911482	1.008643853	1.016501988	1.007324335	1.005199855	1.008255407	1.004633309	0.995527927	1.001980296	1.001481738	1.008008695
2014	0.991266398	0.96362037	0.96362037	1	1	0.980220888	0.989790626	0.970191267	0.991851894	0.986695333	0.977019438	0.969506675	0.981540337	0.981813029	0.981642893	0.985651035	0.982045086	0.955461345	0.985858298	0.99331956	0.983292999	0.97997167	0.9902498	0.991336388	0.985160166	0.97947449
2015	0.995049376	0.967799492	0.967799492	1	1	0.982266227	0.995394951	0.976315987	0.987153563	0.982254766	0.975801768	0.975021881	0.970953566	0.989061843	0.989368148	0.991178219	0.982251419	0.977213647	0.992945762	1.007519412	0.99487128	1.011341017	0.973931429	0.99268033	0.98984189	1.014106738
2016	1.000730549	0.998926466	0.998926466			1.016378301	1.016839259	1.000838294	1.001692898	1.000975224	0.995745354	0.996454935	1.00176987	0.994042064	1.001308872	1.006164385	1.013207452	0.989126584	1.00253646	1.010817477	1.003984288	0.994472367	1.01161093	1.001444767	1.00758919	1.026469212
